 # I XP T DE ATW ATP BT
     1    0.00000  400.00000    0.00200    0.00000    1.00000  400.00000
     2    0.03125  384.76782    0.00100    0.00200    0.00301    0.00000
     3    0.09375  359.94339    0.00100    0.00100    0.00200    0.00000
     4    0.15625  335.11975    0.00100    0.00100    0.00200    0.00000
     5    0.21875  310.29611    0.00100    0.00100    0.00200    0.00000
     6    0.28125  285.47244    0.00100    0.00100    0.00200    0.00000
     7    0.34375  260.64880    0.00100    0.00100    0.00200    0.00000
     8    0.40625  235.82512    0.00100    0.00100    0.00200    0.00000
     9    0.46875  211.00146    0.00100    0.00100    0.00200    0.00000
    10    0.53125  186.17780    0.00100    0.00100    0.00200    0.00000
    11    0.59375  161.35411    0.00100    0.00100    0.00200    0.00000
    12    0.65625  136.53041    0.00100    0.00100    0.00200    0.00000
    13    0.71875  111.70671    0.00100    0.00100    0.00200    0.00000
    14    0.78125   86.88300    0.00100    0.00100    0.00200    0.00000
    15    0.84375   62.05929    0.00100    0.00100    0.00200    0.00000
    16    0.90625   37.23557    0.00100    0.00100    0.00200    0.00000
    17    0.96875   12.41186    0.00200    0.00100    0.00300    0.00000
    18    1.00000    0.00000    0.00000    0.00000    1.00000    0.00000
