 # I XP T DE ATW ATP BT
     1    0.00000  400.00000    0.00400    0.00000    1.00000  400.00000
     2    0.01562  373.49008    0.00200    0.00400    0.00622    0.00000
     3    0.04688  361.45505    0.00200    0.00200    0.00400    0.00000
     4    0.07812  349.60318    0.00200    0.00200    0.00400    0.00000
     5    0.10938  337.75232    0.00200    0.00200    0.00400    0.00000
     6    0.14062  325.90143    0.00200    0.00200    0.00400    0.00000
     7    0.17188  314.05051    0.00200    0.00200    0.00400    0.00000
     8    0.20312  302.19958    0.00200    0.00200    0.00400    0.00000
     9    0.23438  290.34860    0.00200    0.00200    0.00400    0.00000
    10    0.26562  278.49765    0.00200    0.00200    0.00400    0.00000
    11    0.29688  266.64673    0.00200    0.00200    0.00400    0.00000
    12    0.32812  254.79579    0.00200    0.00200    0.00400    0.00000
    13    0.35938  242.94482    0.00200    0.00200    0.00400    0.00000
    14    0.39062  231.09386    0.00200    0.00200    0.00400    0.00000
    15    0.42188  219.24290    0.00200    0.00200    0.00400    0.00000
    16    0.45312  207.39195    0.00200    0.00200    0.00400    0.00000
    17    0.48438  195.54100    0.00200    0.00200    0.00400    0.00000
    18    0.51562  183.69003    0.00200    0.00200    0.00400    0.00000
    19    0.54688  171.83908    0.00200    0.00200    0.00400    0.00000
    20    0.57812  159.98813    0.00200    0.00200    0.00400    0.00000
    21    0.60938  148.13716    0.00200    0.00200    0.00400    0.00000
    22    0.64062  136.28619    0.00200    0.00200    0.00400    0.00000
    23    0.67188  124.43524    0.00200    0.00200    0.00400    0.00000
    24    0.70312  112.58427    0.00200    0.00200    0.00400    0.00000
    25    0.73438  100.73331    0.00200    0.00200    0.00400    0.00000
    26    0.76562   88.88235    0.00200    0.00200    0.00400    0.00000
    27    0.79688   77.03137    0.00200    0.00200    0.00400    0.00000
    28    0.82812   65.18039    0.00200    0.00200    0.00400    0.00000
    29    0.85938   53.32941    0.00200    0.00200    0.00400    0.00000
    30    0.89062   41.47843    0.00200    0.00200    0.00400    0.00000
    31    0.92188   29.62745    0.00200    0.00200    0.00400    0.00000
    32    0.95312   17.77647    0.00200    0.00200    0.00400    0.00000
    33    0.98438    5.92549    0.00400    0.00200    0.00600    0.00000
    34    1.00000    0.00000    0.00000    0.00000    1.00000    0.00000
