 # I XP T DE ATW ATP BT
     1    0.00000  400.00000    0.00320    0.00000    1.00000  400.00000
     2    0.00313  332.23926    0.00160    0.00320    0.00519    0.00000
     3    0.00938  278.68130    0.00160    0.00160    0.00333    0.00000
     4    0.01562  247.27251    0.00160    0.00160    0.00325    0.00000
     5    0.02188  223.60432    0.00160    0.00160    0.00322    0.00000
     6    0.02812  203.12837    0.00160    0.00160    0.00321    0.00000
     7    0.03438  184.13652    0.00160    0.00160    0.00321    0.00000
     8    0.04062  165.89761    0.00160    0.00160    0.00320    0.00000
     9    0.04688  148.06342    0.00160    0.00160    0.00320    0.00000
    10    0.05313  130.45303    0.00160    0.00160    0.00320    0.00000
    11    0.05938  112.96629    0.00160    0.00160    0.00320    0.00000
    12    0.06562   95.54559    0.00160    0.00160    0.00320    0.00000
    13    0.07188   78.15772    0.00160    0.00160    0.00320    0.00000
    14    0.07812   60.78443    0.00160    0.00160    0.00320    0.00000
    15    0.08438   43.41639    0.00160    0.00160    0.00320    0.00000
    16    0.09063   26.04972    0.00160    0.00160    0.00320    0.00000
    17    0.09687    8.68325    0.00320    0.00160    0.00480    0.00000
    18    0.10000    0.00000    0.00000    0.00000    1.00000    0.00000
