 # I XP T DE ATW ATP BT
     1    0.00000  400.00000    0.00639    0.00000    1.00000  400.00000
     2    0.00157  361.39771    0.00319    0.00639    0.00988    0.00000
     3    0.00470  317.87180    0.00319    0.00319    0.00654    0.00000
     4    0.00783  289.64517    0.00319    0.00319    0.00648    0.00000
     5    0.01096  269.24597    0.00319    0.00319    0.00644    0.00000
     6    0.01409  253.18790    0.00319    0.00319    0.00642    0.00000
     7    0.01722  239.68584    0.00319    0.00319    0.00641    0.00000
     8    0.02035  227.76163    0.00319    0.00319    0.00640    0.00000
     9    0.02348  216.85019    0.00319    0.00319    0.00640    0.00000
    10    0.02661  206.61063    0.00319    0.00319    0.00640    0.00000
    11    0.02974  196.82948    0.00319    0.00319    0.00639    0.00000
    12    0.03287  187.36868    0.00319    0.00319    0.00639    0.00000
    13    0.03599  178.13632    0.00319    0.00319    0.00639    0.00000
    14    0.03913  169.06946    0.00319    0.00319    0.00639    0.00000
    15    0.04225  160.12407    0.00319    0.00319    0.00639    0.00000
    16    0.04539  151.26857    0.00319    0.00319    0.00639    0.00000
    17    0.04851  142.48001    0.00319    0.00319    0.00639    0.00000
    18    0.05165  133.74132    0.00319    0.00319    0.00639    0.00000
    19    0.05477  125.03973    0.00319    0.00319    0.00639    0.00000
    20    0.05791  116.36553    0.00319    0.00319    0.00639    0.00000
    21    0.06103  107.71140    0.00319    0.00319    0.00639    0.00000
    22    0.06417   99.07168    0.00319    0.00319    0.00639    0.00000
    23    0.06729   90.44217    0.00319    0.00319    0.00639    0.00000
    24    0.07043   81.81965    0.00319    0.00319    0.00639    0.00000
    25    0.07356   73.20182    0.00319    0.00319    0.00639    0.00000
    26    0.07669   64.58696    0.00319    0.00319    0.00639    0.00000
    27    0.07982   55.97392    0.00319    0.00319    0.00639    0.00000
    28    0.08295   47.36187    0.00319    0.00319    0.00639    0.00000
    29    0.08608   38.75037    0.00319    0.00319    0.00639    0.00000
    30    0.08921   30.13909    0.00319    0.00319    0.00639    0.00000
    31    0.09234   21.52791    0.00319    0.00319    0.00639    0.00000
    32    0.09547   12.91674    0.00319    0.00319    0.00639    0.00000
    33    0.09860    4.30559    0.00639    0.00319    0.00958    0.00000
    34    0.10016    0.00000    0.00000    0.00000    1.00000    0.00000
