 # I XP T DE ATW ATP BT
     1    0.00000  400.00000    0.00160    0.00000    1.00000  400.00000
     2    0.00625  309.39996    0.00080    0.00160    0.00273    0.00000
     3    0.01875  254.27937    0.00080    0.00080    0.00164    0.00000
     4    0.03125  212.52353    0.00080    0.00080    0.00161    0.00000
     5    0.04375  173.22202    0.00080    0.00080    0.00160    0.00000
     6    0.05625  134.55777    0.00080    0.00080    0.00160    0.00000
     7    0.06875   96.07826    0.00080    0.00080    0.00160    0.00000
     8    0.08125   57.64352    0.00080    0.00080    0.00160    0.00000
     9    0.09375   19.21448    0.00160    0.00080    0.00240    0.00000
    10    0.10000    0.00000    0.00000    0.00000    1.00000    0.00000
