 # I XP T DE ATW ATP BT
     1    0.00000  400.00000    0.01282    0.00000    1.00000  400.00000
     2    0.00078  379.92087    0.00641    0.01282    0.01941    0.00000
     3    0.00234  350.64963    0.00641    0.00641    0.01295    0.00000
     4    0.00390  328.36273    0.00641    0.00641    0.01291    0.00000
     5    0.00546  310.76321    0.00641    0.00641    0.01289    0.00000
     6    0.00702  296.42032    0.00641    0.00641    0.01287    0.00000
     7    0.00858  284.40308    0.00641    0.00641    0.01286    0.00000
     8    0.01014  274.08463    0.00641    0.00641    0.01285    0.00000
     9    0.01170  265.03073    0.00641    0.00641    0.01284    0.00000
    10    0.01326  256.93356    0.00641    0.00641    0.01284    0.00000
    11    0.01482  249.57059    0.00641    0.00641    0.01284    0.00000
    12    0.01638  242.77824    0.00641    0.00641    0.01283    0.00000
    13    0.01794  236.43439    0.00641    0.00641    0.01283    0.00000
    14    0.01950  230.44667    0.00641    0.00641    0.01283    0.00000
    15    0.02106  224.74445    0.00641    0.00641    0.01283    0.00000
    16    0.02262  219.27303    0.00641    0.00641    0.01283    0.00000
    17    0.02418  213.98972    0.00641    0.00641    0.01283    0.00000
    18    0.02574  208.86079    0.00641    0.00641    0.01282    0.00000
    19    0.02730  203.85951    0.00641    0.00641    0.01282    0.00000
    20    0.02886  198.96437    0.00641    0.00641    0.01282    0.00000
    21    0.03042  194.15802    0.00641    0.00641    0.01282    0.00000
    22    0.03198  189.42636    0.00641    0.00641    0.01282    0.00000
    23    0.03354  184.75777    0.00641    0.00641    0.01282    0.00000
    24    0.03510  180.14270    0.00641    0.00641    0.01282    0.00000
    25    0.03666  175.57317    0.00641    0.00641    0.01282    0.00000
    26    0.03822  171.04260    0.00641    0.00641    0.01282    0.00000
    27    0.03978  166.54543    0.00641    0.00641    0.01282    0.00000
    28    0.04134  162.07692    0.00641    0.00641    0.01282    0.00000
    29    0.04290  157.63310    0.00641    0.00641    0.01282    0.00000
    30    0.04446  153.21053    0.00641    0.00641    0.01282    0.00000
    31    0.04602  148.80630    0.00641    0.00641    0.01282    0.00000
    32    0.04758  144.41794    0.00641    0.00641    0.01282    0.00000
    33    0.04914  140.04326    0.00641    0.00641    0.01282    0.00000
    34    0.05070  135.68037    0.00641    0.00641    0.01282    0.00000
    35    0.05226  131.32768    0.00641    0.00641    0.01282    0.00000
    36    0.05382  126.98377    0.00641    0.00641    0.01282    0.00000
    37    0.05538  122.64739    0.00641    0.00641    0.01282    0.00000
    38    0.05694  118.31748    0.00641    0.00641    0.01282    0.00000
    39    0.05850  113.99310    0.00641    0.00641    0.01282    0.00000
    40    0.06006  109.67344    0.00641    0.00641    0.01282    0.00000
    41    0.06162  105.35779    0.00641    0.00641    0.01282    0.00000
    42    0.06318  101.04550    0.00641    0.00641    0.01282    0.00000
    43    0.06474   96.73606    0.00641    0.00641    0.01282    0.00000
    44    0.06630   92.42899    0.00641    0.00641    0.01282    0.00000
    45    0.06786   88.12392    0.00641    0.00641    0.01282    0.00000
    46    0.06942   83.82047    0.00641    0.00641    0.01282    0.00000
    47    0.07098   79.51836    0.00641    0.00641    0.01282    0.00000
    48    0.07254   75.21729    0.00641    0.00641    0.01282    0.00000
    49    0.07410   70.91707    0.00641    0.00641    0.01282    0.00000
    50    0.07566   66.61753    0.00641    0.00641    0.01282    0.00000
    51    0.07722   62.31853    0.00641    0.00641    0.01282    0.00000
    52    0.07878   58.01994    0.00641    0.00641    0.01282    0.00000
    53    0.08034   53.72162    0.00641    0.00641    0.01282    0.00000
    54    0.08190   49.42353    0.00641    0.00641    0.01282    0.00000
    55    0.08346   45.12559    0.00641    0.00641    0.01282    0.00000
    56    0.08502   40.82779    0.00641    0.00641    0.01282    0.00000
    57    0.08658   36.53003    0.00641    0.00641    0.01282    0.00000
    58    0.08814   32.23235    0.00641    0.00641    0.01282    0.00000
    59    0.08970   27.93467    0.00641    0.00641    0.01282    0.00000
    60    0.09126   23.63701    0.00641    0.00641    0.01282    0.00000
    61    0.09282   19.33937    0.00641    0.00641    0.01282    0.00000
    62    0.09438   15.04174    0.00641    0.00641    0.01282    0.00000
    63    0.09594   10.74409    0.00641    0.00641    0.01282    0.00000
    64    0.09750    6.44647    0.00641    0.00641    0.01282    0.00000
    65    0.09906    2.14882    0.01282    0.00641    0.01923    0.00000
    66    0.09984    0.00000    0.00000    0.00000    1.00000    0.00000
