 # I XP T DE ATW ATP BT
     1    0.00000  400.00000    0.96000    0.00000    1.00000  400.00000
     2    0.00625  374.02792    0.48000    0.96000    1.44148    0.00000
     3    0.01875  323.23965    0.48000    0.48000    0.96096    0.00000
     4    0.03125  273.09619    0.48000    0.48000    0.96058    0.00000
     5    0.04375  223.28123    0.48000    0.48000    0.96032    0.00000
     6    0.05625  173.61311    0.48000    0.48000    0.96015    0.00000
     7    0.06875  123.99862    0.48000    0.48000    0.96005    0.00000
     8    0.08125   74.39810    0.48000    0.48000    0.96001    0.00000
     9    0.09375   24.79936    0.96000    0.48000    1.44000    0.00000
    10    0.10000    0.00000    0.00000    0.00000    1.00000    0.00000
