 # I XP T DE ATW ATP BT
     1    0.00000  400.00000    1.92000    0.00000    1.00000  400.00000
     2    0.00313  387.00595    0.96000    1.92000    2.88082    0.00000
     3    0.00938  361.34906    0.96000    0.96000    1.92067    0.00000
     4    0.01562  335.94388    0.96000    0.96000    1.92054    0.00000
     5    0.02188  310.72681    0.96000    0.96000    1.92043    0.00000
     6    0.02812  285.64734    0.96000    0.96000    1.92033    0.00000
     7    0.03438  260.66611    0.96000    0.96000    1.92025    0.00000
     8    0.04062  235.75304    0.96000    0.96000    1.92019    0.00000
     9    0.04688  210.88557    0.96000    0.96000    1.92013    0.00000
    10    0.05313  186.04730    0.96000    0.96000    1.92009    0.00000
    11    0.05938  161.22673    0.96000    0.96000    1.92006    0.00000
    12    0.06562  136.41617    0.96000    0.96000    1.92004    0.00000
    13    0.07188  111.61067    0.96000    0.96000    1.92002    0.00000
    14    0.07812   86.80753    0.96000    0.96000    1.92001    0.00000
    15    0.08438   62.00521    0.96000    0.96000    1.92000    0.00000
    16    0.09063   37.20311    0.96000    0.96000    1.92000    0.00000
    17    0.09687   12.40106    1.92000    0.96000    2.88000    0.00000
    18    0.10000    0.00000    0.00000    0.00000    1.00000    0.00000
