 # I XP T DE ATW ATP BT
     1    0.00000  400.00000    7.69231    0.00000    1.00000  400.00000
     2    0.00078  396.75116    3.84615    7.69231   11.53868    0.00000
     3    0.00234  390.27637    3.84615    3.84615    7.69252    0.00000
     4    0.00390  383.82297    3.84615    3.84615    7.69251    0.00000
     5    0.00546  377.38956    3.84615    3.84615    7.69250    0.00000
     6    0.00702  370.97482    3.84615    3.84615    7.69249    0.00000
     7    0.00858  364.57748    3.84615    3.84615    7.69248    0.00000
     8    0.01014  358.19638    3.84615    3.84615    7.69247    0.00000
     9    0.01170  351.83044    3.84616    3.84615    7.69246    0.00000
    10    0.01326  345.47861    3.84615    3.84616    7.69245    0.00000
    11    0.01482  339.13986    3.84615    3.84615    7.69244    0.00000
    12    0.01638  332.81326    3.84616    3.84615    7.69244    0.00000
    13    0.01794  326.49796    3.84615    3.84616    7.69243    0.00000
    14    0.01950  320.19312    3.84615    3.84615    7.69242    0.00000
    15    0.02106  313.89792    3.84616    3.84615    7.69242    0.00000
    16    0.02262  307.61163    3.84616    3.84616    7.69242    0.00000
    17    0.02418  301.33356    3.84615    3.84616    7.69240    0.00000
    18    0.02574  295.06305    3.84616    3.84615    7.69240    0.00000
    19    0.02730  288.79959    3.84616    3.84616    7.69240    0.00000
    20    0.02886  282.54251    3.84615    3.84616    7.69239    0.00000
    21    0.03042  276.29129    3.84615    3.84615    7.69238    0.00000
    22    0.03198  270.04541    3.84615    3.84615    7.69237    0.00000
    23    0.03354  263.80441    3.84617    3.84615    7.69238    0.00000
    24    0.03510  257.56790    3.84615    3.84617    7.69237    0.00000
    25    0.03666  251.33542    3.84615    3.84615    7.69235    0.00000
    26    0.03822  245.10663    3.84617    3.84615    7.69237    0.00000
    27    0.03978  238.88115    3.84615    3.84617    7.69236    0.00000
    28    0.04134  232.65862    3.84616    3.84615    7.69235    0.00000
    29    0.04290  226.43880    3.84616    3.84616    7.69235    0.00000
    30    0.04446  220.22141    3.84615    3.84616    7.69234    0.00000
    31    0.04602  214.00615    3.84616    3.84615    7.69234    0.00000
    32    0.04758  207.79288    3.84616    3.84616    7.69235    0.00000
    33    0.04914  201.58133    3.84615    3.84616    7.69233    0.00000
    34    0.05070  195.37129    3.84616    3.84615    7.69233    0.00000
    35    0.05226  189.16263    3.84616    3.84616    7.69234    0.00000
    36    0.05382  182.95515    3.84615    3.84616    7.69233    0.00000
    37    0.05538  176.74870    3.84616    3.84615    7.69232    0.00000
    38    0.05694  170.54317    3.84616    3.84616    7.69233    0.00000
    39    0.05850  164.33842    3.84615    3.84616    7.69232    0.00000
    40    0.06006  158.13435    3.84617    3.84615    7.69233    0.00000
    41    0.06162  151.93086    3.84615    3.84617    7.69233    0.00000
    42    0.06318  145.72784    3.84615    3.84615    7.69231    0.00000
    43    0.06474  139.52525    3.84615    3.84615    7.69230    0.00000
    44    0.06630  133.32300    3.84617    3.84615    7.69232    0.00000
    45    0.06786  127.12107    3.84615    3.84617    7.69232    0.00000
    46    0.06942  120.91934    3.84617    3.84615    7.69232    0.00000
    47    0.07098  114.71783    3.84615    3.84617    7.69232    0.00000
    48    0.07254  108.51645    3.84615    3.84615    7.69230    0.00000
    49    0.07410  102.31519    3.84615    3.84615    7.69230    0.00000
    50    0.07566   96.11404    3.84617    3.84615    7.69232    0.00000
    51    0.07722   89.91299    3.84617    3.84617    7.69233    0.00000
    52    0.07878   83.71201    3.84615    3.84617    7.69232    0.00000
    53    0.08034   77.51103    3.84615    3.84615    7.69230    0.00000
    54    0.08190   71.31008    3.84615    3.84615    7.69230    0.00000
    55    0.08346   65.10917    3.84617    3.84615    7.69231    0.00000
    56    0.08502   58.90829    3.84615    3.84617    7.69231    0.00000
    57    0.08658   52.70741    3.84617    3.84615    7.69231    0.00000
    58    0.08814   46.50655    3.84615    3.84617    7.69231    0.00000
    59    0.08970   40.30567    3.84615    3.84615    7.69230    0.00000
    60    0.09126   34.10479    3.84615    3.84615    7.69230    0.00000
    61    0.09282   27.90391    3.84617    3.84615    7.69231    0.00000
    62    0.09438   21.70305    3.84615    3.84617    7.69231    0.00000
    63    0.09594   15.50217    3.84617    3.84615    7.69231    0.00000
    64    0.09750    9.30132    3.84615    3.84617    7.69231    0.00000
    65    0.09906    3.10044    7.69230    3.84615   11.53844    0.00000
    66    0.09984    0.00000    0.00000    0.00000    1.00000    0.00000
