 # I XP T DE ATW ATP BT
     1    0.00000  400.00000    3.83387    0.00000    1.00000  400.00000
     2    0.00157  393.50116    1.91693    3.83387    5.75123    0.00000
     3    0.00470  380.59222    1.91693    1.91693    3.83426    0.00000
     4    0.00783  367.76099    1.91693    1.91693    3.83422    0.00000
     5    0.01096  354.99753    1.91693    1.91693    3.83418    0.00000
     6    0.01409  342.29282    1.91693    1.91693    3.83415    0.00000
     7    0.01722  329.63898    1.91693    1.91693    3.83412    0.00000
     8    0.02035  317.02893    1.91693    1.91693    3.83409    0.00000
     9    0.02348  304.45630    1.91693    1.91693    3.83407    0.00000
    10    0.02661  291.91550    1.91693    1.91693    3.83404    0.00000
    11    0.02974  279.40158    1.91693    1.91693    3.83402    0.00000
    12    0.03287  266.91025    1.91694    1.91693    3.83400    0.00000
    13    0.03599  254.43776    1.91693    1.91694    3.83398    0.00000
    14    0.03913  241.98070    1.91694    1.91693    3.83397    0.00000
    15    0.04225  229.53636    1.91693    1.91694    3.83395    0.00000
    16    0.04539  217.10225    1.91694    1.91693    3.83394    0.00000
    17    0.04851  204.67641    1.91693    1.91694    3.83393    0.00000
    18    0.05165  192.25700    1.91694    1.91693    3.83392    0.00000
    19    0.05477  179.84271    1.91693    1.91694    3.83391    0.00000
    20    0.05791  167.43227    1.91694    1.91693    3.83390    0.00000
    21    0.06103  155.02475    1.91693    1.91694    3.83389    0.00000
    22    0.06417  142.61934    1.91694    1.91693    3.83389    0.00000
    23    0.06729  130.21547    1.91693    1.91694    3.83388    0.00000
    24    0.07043  117.81261    1.91694    1.91693    3.83388    0.00000
    25    0.07356  105.41051    1.91693    1.91694    3.83387    0.00000
    26    0.07669   93.00884    1.91694    1.91693    3.83387    0.00000
    27    0.07982   80.60748    1.91693    1.91694    3.83387    0.00000
    28    0.08295   68.20622    1.91694    1.91693    3.83387    0.00000
    29    0.08608   55.80508    1.91693    1.91694    3.83387    0.00000
    30    0.08921   43.40393    1.91694    1.91693    3.83387    0.00000
    31    0.09234   31.00282    1.91693    1.91694    3.83387    0.00000
    32    0.09547   18.60168    1.91694    1.91693    3.83387    0.00000
    33    0.09860    6.20057    3.83386    1.91694    5.75080    0.00000
    34    0.10016    0.00000    0.00000    0.00000    1.00000    0.00000
