 # I XP T DE ATW ATP BT
     1       0.0000       0.0000       0.0001       0.0000       1.0000       0.0000
     2       0.0333      -0.0000       0.0000       0.0002       0.0002       0.0000
     3       0.1000      -0.0000       0.0000       0.0001       0.0002       0.0000
     4       0.1667      -0.0000       0.0000       0.0001       0.0002       0.0000
     5       0.2333      -0.0000       0.0000       0.0001       0.0002       0.0000
     6       0.3000      -0.0000       0.0000       0.0001       0.0002       0.0000
     7       0.3667      -0.0000       0.0000       0.0001       0.0002       0.0000
     8       0.4334      -0.0000       0.0000       0.0001       0.0002       0.0000
     9       0.5000      -0.0000       0.0000       0.0001       0.0002       0.0000
    10       0.5667      -0.0001       0.0000       0.0001       0.0002       0.0000
    11       0.6334      -0.0004       0.0000       0.0001       0.0002       0.0000
    12       0.7000      -0.0019       0.0000       0.0001       0.0002       0.0000
    13       0.7667      -0.0082       0.0000       0.0001       0.0002       0.0000
    14       0.8334      -0.0355       0.0000       0.0001       0.0002       0.0000
    15       0.9000      -0.1539       0.0000       0.0001       0.0002       0.0000
    16       0.9667      -0.6668       0.0001       0.0001       0.0001      -0.0000
    17       1.0001       1.0000       0.0000       0.0000       1.0000       1.0000
