 # I XP T DE ATW ATP BT
     1       0.0000       0.0000       0.0001       0.0000       1.0000       0.0000
     2       0.0385      -0.0000       0.0000       0.0002       0.0002       0.0000
     3       0.1154      -0.0000       0.0000       0.0001       0.0002       0.0000
     4       0.1923      -0.0000       0.0000       0.0001       0.0002       0.0000
     5       0.2692      -0.0000       0.0000       0.0001       0.0002       0.0000
     6       0.3461      -0.0000       0.0000       0.0001       0.0002       0.0000
     7       0.4231      -0.0000       0.0000       0.0001       0.0002       0.0000
     8       0.5000      -0.0001       0.0000       0.0001       0.0002       0.0000
     9       0.5769      -0.0003       0.0000       0.0001       0.0002       0.0000
    10       0.6538      -0.0017       0.0000       0.0001       0.0002       0.0000
    11       0.7307      -0.0081       0.0000       0.0001       0.0002       0.0000
    12       0.8077      -0.0393       0.0000       0.0001       0.0002       0.0000
    13       0.8846      -0.1905       0.0000       0.0001       0.0002       0.0000
    14       0.9615      -0.9230       0.0001       0.0001       0.0001      -0.0000
    15       1.0000       1.0000      -0.0000       0.0000       1.0000       1.0000
