 # I XP T DE ATW ATP BT
     1       0.0000       0.0000       0.0001       0.0000       1.0000       0.0000
     2       0.0192       0.0000       0.0001       0.0002       0.0003      -0.0000
     3       0.0577       0.0000       0.0001       0.0002       0.0002      -0.0000
     4       0.0962       0.0000       0.0001       0.0002       0.0002      -0.0000
     5       0.1346       0.0000       0.0001       0.0002       0.0002      -0.0000
     6       0.1731       0.0000       0.0001       0.0002       0.0002      -0.0000
     7       0.2115       0.0000       0.0001       0.0002       0.0002      -0.0000
     8       0.2500       0.0000       0.0001       0.0002       0.0002      -0.0000
     9       0.2885       0.0000       0.0001       0.0002       0.0002      -0.0000
    10       0.3269       0.0000       0.0001       0.0002       0.0002      -0.0000
    11       0.3654       0.0000       0.0001       0.0002       0.0002      -0.0000
    12       0.4038       0.0000       0.0001       0.0002       0.0002      -0.0000
    13       0.4423       0.0000       0.0001       0.0002       0.0002      -0.0000
    14       0.4808       0.0000       0.0001       0.0002       0.0002      -0.0000
    15       0.5192       0.0000       0.0001       0.0002       0.0002      -0.0000
    16       0.5577       0.0000       0.0001       0.0002       0.0002      -0.0000
    17       0.5961       0.0000       0.0001       0.0002       0.0002      -0.0000
    18       0.6346       0.0000       0.0001       0.0002       0.0002      -0.0000
    19       0.6731       0.0000       0.0001       0.0002       0.0002      -0.0000
    20       0.7115       0.0000       0.0001       0.0002       0.0002      -0.0000
    21       0.7500       0.0001       0.0001       0.0002       0.0002      -0.0000
    22       0.7884       0.0002       0.0001       0.0002       0.0002      -0.0000
    23       0.8269       0.0005       0.0001       0.0002       0.0002      -0.0000
    24       0.8654       0.0015       0.0001       0.0002       0.0002      -0.0000
    25       0.9038       0.0045       0.0001       0.0002       0.0002      -0.0000
    26       0.9423       0.0132       0.0001       0.0002       0.0002      -0.0000
    27       0.9807       0.0385       0.0001       0.0002       0.0002       0.0000
    28       1.0000       1.0000       0.0000       0.0000       1.0000       1.0000
