 # I XP T DE ATW ATP BT
     1    0.00000   11.41065    0.00200    0.00000    1.00000    0.00000
     2    0.01250   11.41065    0.00100    0.00200    0.00300    0.00004
     3    0.03750   11.40537    0.00100    0.00100    0.00200    0.00004
     4    0.06250   11.39482    0.00100    0.00100    0.00200    0.00004
     5    0.08750   11.37899    0.00100    0.00100    0.00200    0.00004
     6    0.11250   11.35790    0.00100    0.00100    0.00200    0.00004
     7    0.13750   11.33156    0.00100    0.00100    0.00200    0.00004
     8    0.16250   11.29997    0.00100    0.00100    0.00200    0.00004
     9    0.18750   11.26315    0.00100    0.00100    0.00200    0.00004
    10    0.21250   11.22112    0.00100    0.00100    0.00200    0.00004
    11    0.23750   11.17391    0.00100    0.00100    0.00200    0.00004
    12    0.26250   11.12152    0.00100    0.00100    0.00200    0.00004
    13    0.28750   11.06399    0.00100    0.00100    0.00200    0.00004
    14    0.31250   11.00134    0.00100    0.00100    0.00200    0.00004
    15    0.33750   10.93360    0.00100    0.00100    0.00200    0.00004
    16    0.36250   10.86081    0.00100    0.00100    0.00200    0.00004
    17    0.38750   10.78299    0.00100    0.00100    0.00200    0.00004
    18    0.41250   10.70019    0.00100    0.00100    0.00200    0.00004
    19    0.43750   10.61243    0.00100    0.00100    0.00200    0.00004
    20    0.46250   10.51977    0.00100    0.00100    0.00200    0.00004
    21    0.48750   10.42224    0.00100    0.00100    0.00200    0.00004
    22    0.51250   10.31989    0.00100    0.00100    0.00200    0.00004
    23    0.53750   10.21276    0.00100    0.00100    0.00200    0.00004
    24    0.56250   10.10092    0.00100    0.00100    0.00200    0.00004
    25    0.58750    9.98440    0.00100    0.00100    0.00200    0.00004
    26    0.61250    9.86326    0.00100    0.00100    0.00200    0.00004
    27    0.63750    9.73756    0.00100    0.00100    0.00200    0.00004
    28    0.66250    9.60735    0.00100    0.00100    0.00200    0.00004
    29    0.68750    9.47270    0.00100    0.00100    0.00200    0.00004
    30    0.71250    9.33368    0.00100    0.00100    0.00200    0.00004
    31    0.73750    9.19033    0.00100    0.00100    0.00200    0.00003
    32    0.76250    9.04273    0.00100    0.00100    0.00200    0.00003
    33    0.78750    8.89095    0.00100    0.00100    0.00200    0.00003
    34    0.81250    8.73505    0.00100    0.00100    0.00200    0.00003
    35    0.83750    8.57512    0.00100    0.00100    0.00200    0.00003
    36    0.86250    8.41121    0.00100    0.00100    0.00200    0.00003
    37    0.88750    8.24342    0.00100    0.00100    0.00200    0.00003
    38    0.91250    8.07182    0.00100    0.00100    0.00200    0.00003
    39    0.93750    7.89648    0.00100    0.00100    0.00200    0.00003
    40    0.96250    7.71749    0.00100    0.00100    0.00200    0.00003
    41    0.98750    7.53492    0.00200    0.00100    0.00300    0.00003
    42    1.00000    7.44190    0.00000    0.00200    0.00203    0.00000
