 # I XP T DE ATW ATP BT
     1    0.00000   16.48390    0.00200    0.00000    1.00000    0.00000
     2    0.01250   16.48390    0.00100    0.00200    0.00300    0.00002
     3    0.03750   16.47627    0.00100    0.00100    0.00200    0.00002
     4    0.06250   16.46103    0.00100    0.00100    0.00200    0.00002
     5    0.08750   16.43817    0.00100    0.00100    0.00200    0.00002
     6    0.11250   16.40770    0.00100    0.00100    0.00200    0.00002
     7    0.13750   16.36965    0.00100    0.00100    0.00200    0.00002
     8    0.16250   16.32401    0.00100    0.00100    0.00200    0.00002
     9    0.18750   16.27083    0.00100    0.00100    0.00200    0.00002
    10    0.21250   16.21012    0.00100    0.00100    0.00200    0.00002
    11    0.23750   16.14190    0.00100    0.00100    0.00200    0.00002
    12    0.26250   16.06623    0.00100    0.00100    0.00200    0.00002
    13    0.28750   15.98312    0.00100    0.00100    0.00200    0.00002
    14    0.31250   15.89261    0.00100    0.00100    0.00200    0.00002
    15    0.33750   15.79476    0.00100    0.00100    0.00200    0.00002
    16    0.36250   15.68960    0.00100    0.00100    0.00200    0.00002
    17    0.38750   15.57719    0.00100    0.00100    0.00200    0.00002
    18    0.41250   15.45756    0.00100    0.00100    0.00200    0.00002
    19    0.43750   15.33079    0.00100    0.00100    0.00200    0.00002
    20    0.46250   15.19693    0.00100    0.00100    0.00200    0.00002
    21    0.48750   15.05604    0.00100    0.00100    0.00200    0.00002
    22    0.51250   14.90818    0.00100    0.00100    0.00200    0.00002
    23    0.53750   14.75343    0.00100    0.00100    0.00200    0.00002
    24    0.56250   14.59185    0.00100    0.00100    0.00200    0.00002
    25    0.58750   14.42352    0.00100    0.00100    0.00200    0.00002
    26    0.61250   14.24853    0.00100    0.00100    0.00200    0.00002
    27    0.63750   14.06694    0.00100    0.00100    0.00200    0.00002
    28    0.66250   13.87884    0.00100    0.00100    0.00200    0.00002
    29    0.68750   13.68433    0.00100    0.00100    0.00200    0.00002
    30    0.71250   13.48348    0.00100    0.00100    0.00200    0.00002
    31    0.73750   13.27640    0.00100    0.00100    0.00200    0.00002
    32    0.76250   13.06318    0.00100    0.00100    0.00200    0.00001
    33    0.78750   12.84391    0.00100    0.00100    0.00200    0.00001
    34    0.81250   12.61871    0.00100    0.00100    0.00200    0.00001
    35    0.83750   12.38766    0.00100    0.00100    0.00200    0.00001
    36    0.86250   12.15089    0.00100    0.00100    0.00200    0.00001
    37    0.88750   11.90849    0.00100    0.00100    0.00200    0.00001
    38    0.91250   11.66059    0.00100    0.00100    0.00200    0.00001
    39    0.93750   11.40729    0.00100    0.00100    0.00200    0.00001
    40    0.96250   11.14872    0.00100    0.00100    0.00200    0.00001
    41    0.98750   10.88498    0.00200    0.00100    0.00300    0.00001
    42    1.00000   10.75060    0.00000    0.00200    0.00203    0.00000
