 # I XP T DE ATW ATP BT
     1    0.00000   80.00205    0.00000    0.00000    0.00000    0.00000
     2    0.01250   79.99743    0.00000    0.00000    0.00000    0.00000
     3    0.03750   79.96043 **********   -0.00000    0.00000    0.00000
     4    0.06250   79.88644    0.00000    0.00000    0.00000    0.00000
     5    0.08750   79.77549 **********    0.00000    0.00000    0.00000
     6    0.11250   79.62765    0.00000    0.00000    0.00000    0.00000
     7    0.13750   79.44298    0.00000    0.00000    0.00000    0.00000
     8    0.16250   79.22156    0.00000    0.00000    0.00000    0.00000
     9    0.18750   78.96349        NaN        NaN    0.00000    0.00000
    10    0.21250   78.66890        NaN    0.00000    0.00000    0.00000
    11    0.23750   78.33792 **********    0.00000    0.00000    0.00000
    12    0.26250   77.97071    0.00000    0.00000    0.00000    0.00000
    13    0.28750   77.56743 **********    0.00000    0.00000    0.00000
    14    0.31250   77.12827    0.00000    0.00000    0.00000    0.00000
    15    0.33750   76.65343 **********   -0.00000    0.00000    0.00000
    16    0.36250   76.14314    0.00000    0.00000    0.00000    0.00000
    17    0.38750   75.59763 **********    0.00000    0.00000    0.00000
    18    0.41250   75.01715    0.00000    0.00000    0.00000    0.00000
    19    0.43750   74.40198    0.00000   -0.00000    0.00000   -0.00000
    20    0.46250   73.75238    0.00000    0.00000    0.00000    0.00000
    21    0.48750   73.06867 **********    0.00000    0.00000    0.12500
    22    0.51250   72.35116    0.00000    0.00000    0.00000    0.00000
    23    0.53750   71.60019 **********        NaN    0.00000    0.00000
    24    0.56250   70.81609    0.00000    0.00000    0.00000    0.00000
    25    0.58750   69.99925 **********    0.00000    0.00000    0.00000
    26    0.61250   69.15002    0.00000    0.00000    0.00000    0.00000
    27    0.63750   68.26881 **********   -0.00000    0.00000    0.00000
    28    0.66250   67.35602    0.00000    0.00000    0.00000    0.00000
    29    0.68750   66.41207    0.00000    0.00000    0.00000    0.00000
    30    0.71250   65.43741    0.00000    0.00000    0.00000    0.00000
    31    0.73750   64.43247        NaN    0.00000    0.00000   -0.00000
    32    0.76250   63.39773        NaN    0.00000    0.00000    0.00000
    33    0.78750   62.33367 **********    0.00000    0.00000    0.12500
    34    0.81250   61.24078    0.00000    0.00000    0.00000    0.00000
    35    0.83750   60.11955 **********    0.00000    0.00000    0.00000
    36    0.86250   58.97052    0.00000    0.00000    0.00000    0.00000
    37    0.88750   57.79421 **********    0.00000    0.00000    0.00000
    38    0.91250   56.59117    0.00000    0.00000    0.00000    0.00000
    39    0.93750   55.36195 ********** **********    0.00000    0.00000
    40    0.96250   54.10713    0.00000    0.00000    0.00000    0.00000
    41    0.98750   52.82727 **********    0.00000    0.00000    0.00000
    42    1.00000   52.17814    0.00000    0.00000    0.00000    0.00000
     1    0.00000   61.67440    0.00200    0.00000    1.00000    0.00000
     2    0.01250   61.67440    0.00100    0.00200    0.00300    0.00012
     3    0.03750   61.64588    0.00100    0.00100    0.00200    0.00012
     4    0.06250   61.58883    0.00100    0.00100    0.00200    0.00012
     5    0.08750   61.50330    0.00100    0.00100    0.00200    0.00012
     6    0.11250   61.38932    0.00100    0.00100    0.00200    0.00012
     7    0.13750   61.24693    0.00100    0.00100    0.00200    0.00012
     8    0.16250   61.07620    0.00100    0.00100    0.00200    0.00012
     9    0.18750   60.87722    0.00100    0.00100    0.00200    0.00012
    10    0.21250   60.65007    0.00100    0.00100    0.00200    0.00012
    11    0.23750   60.39487    0.00100    0.00100    0.00200    0.00012
    12    0.26250   60.11174    0.00100    0.00100    0.00200    0.00012
    13    0.28750   59.80080    0.00100    0.00100    0.00200    0.00012
    14    0.31250   59.46220    0.00100    0.00100    0.00200    0.00012
    15    0.33750   59.09610    0.00100    0.00100    0.00200    0.00012
    16    0.36250   58.70267    0.00100    0.00100    0.00200    0.00012
    17    0.38750   58.28209    0.00100    0.00100    0.00200    0.00012
    18    0.41250   57.83455    0.00100    0.00100    0.00200    0.00012
    19    0.43750   57.36024    0.00100    0.00100    0.00200    0.00012
    20    0.46250   56.85942    0.00100    0.00100    0.00200    0.00011
    21    0.48750   56.33229    0.00100    0.00100    0.00200    0.00011
    22    0.51250   55.77910    0.00100    0.00100    0.00200    0.00011
    23    0.53750   55.20010    0.00100    0.00100    0.00200    0.00011
    24    0.56250   54.59558    0.00100    0.00100    0.00200    0.00011
    25    0.58750   53.96581    0.00100    0.00100    0.00200    0.00011
    26    0.61250   53.31106    0.00100    0.00100    0.00200    0.00011
    27    0.63750   52.63165    0.00100    0.00100    0.00200    0.00011
    28    0.66250   51.92790    0.00100    0.00100    0.00200    0.00010
    29    0.68750   51.20012    0.00100    0.00100    0.00200    0.00010
    30    0.71250   50.44867    0.00100    0.00100    0.00200    0.00010
    31    0.73750   49.67387    0.00100    0.00100    0.00200    0.00010
    32    0.76250   48.87610    0.00100    0.00100    0.00200    0.00010
    33    0.78750   48.05572    0.00100    0.00100    0.00200    0.00010
    34    0.81250   47.21310    0.00100    0.00100    0.00200    0.00010
    35    0.83750   46.34866    0.00100    0.00100    0.00200    0.00009
    36    0.86250   45.46276    0.00100    0.00100    0.00200    0.00009
    37    0.88750   44.55584    0.00100    0.00100    0.00200    0.00009
    38    0.91250   43.62831    0.00100    0.00100    0.00200    0.00009
    39    0.93750   42.68060    0.00100    0.00100    0.00200    0.00009
    40    0.96250   41.71315    0.00100    0.00100    0.00200    0.00008
    41    0.98750   40.72640    0.00200    0.00100    0.00300    0.00008
    42    1.00000   40.22361    0.00000    0.00200    0.00203    0.00000
     1    0.00000   61.67440    0.00200    0.00000    1.00000    0.00000
     2    0.01250   61.67440    0.00100    0.00200    0.00300    0.00012
     3    0.03750   61.64588    0.00100    0.00100    0.00200    0.00012
     4    0.06250   61.58883    0.00100    0.00100    0.00200    0.00012
     5    0.08750   61.50330    0.00100    0.00100    0.00200    0.00012
     6    0.11250   61.38932    0.00100    0.00100    0.00200    0.00012
     7    0.13750   61.24693    0.00100    0.00100    0.00200    0.00012
     8    0.16250   61.07620    0.00100    0.00100    0.00200    0.00012
     9    0.18750   60.87722    0.00100    0.00100    0.00200    0.00012
    10    0.21250   60.65007    0.00100    0.00100    0.00200    0.00012
    11    0.23750   60.39487    0.00100    0.00100    0.00200    0.00012
    12    0.26250   60.11174    0.00100    0.00100    0.00200    0.00012
    13    0.28750   59.80080    0.00100    0.00100    0.00200    0.00012
    14    0.31250   59.46220    0.00100    0.00100    0.00200    0.00012
    15    0.33750   59.09610    0.00100    0.00100    0.00200    0.00012
    16    0.36250   58.70267    0.00100    0.00100    0.00200    0.00012
    17    0.38750   58.28209    0.00100    0.00100    0.00200    0.00012
    18    0.41250   57.83455    0.00100    0.00100    0.00200    0.00012
    19    0.43750   57.36024    0.00100    0.00100    0.00200    0.00012
    20    0.46250   56.85942    0.00100    0.00100    0.00200    0.00011
    21    0.48750   56.33229    0.00100    0.00100    0.00200    0.00011
    22    0.51250   55.77910    0.00100    0.00100    0.00200    0.00011
    23    0.53750   55.20010    0.00100    0.00100    0.00200    0.00011
    24    0.56250   54.59558    0.00100    0.00100    0.00200    0.00011
    25    0.58750   53.96581    0.00100    0.00100    0.00200    0.00011
    26    0.61250   53.31106    0.00100    0.00100    0.00200    0.00011
    27    0.63750   52.63165    0.00100    0.00100    0.00200    0.00011
    28    0.66250   51.92790    0.00100    0.00100    0.00200    0.00010
    29    0.68750   51.20012    0.00100    0.00100    0.00200    0.00010
    30    0.71250   50.44867    0.00100    0.00100    0.00200    0.00010
    31    0.73750   49.67387    0.00100    0.00100    0.00200    0.00010
    32    0.76250   48.87610    0.00100    0.00100    0.00200    0.00010
    33    0.78750   48.05572    0.00100    0.00100    0.00200    0.00010
    34    0.81250   47.21310    0.00100    0.00100    0.00200    0.00010
    35    0.83750   46.34866    0.00100    0.00100    0.00200    0.00009
    36    0.86250   45.46276    0.00100    0.00100    0.00200    0.00009
    37    0.88750   44.55584    0.00100    0.00100    0.00200    0.00009
    38    0.91250   43.62831    0.00100    0.00100    0.00200    0.00009
    39    0.93750   42.68060    0.00100    0.00100    0.00200    0.00009
    40    0.96250   41.71315    0.00100    0.00100    0.00200    0.00008
    41    0.98750   40.72640    0.00200    0.00100    0.00300    0.00008
    42    1.00000   40.22361    0.00000    0.00200    0.00203    0.00000
     1    0.00000   47.54792    0.00200    0.00000    1.00000    0.00000
     2    0.01250   47.54792    0.00100    0.00200    0.00300    0.00010
     3    0.03750   47.52593    0.00100    0.00100    0.00200    0.00010
     4    0.06250   47.48195    0.00100    0.00100    0.00200    0.00010
     5    0.08750   47.41600    0.00100    0.00100    0.00200    0.00010
     6    0.11250   47.32812    0.00100    0.00100    0.00200    0.00010
     7    0.13750   47.21835    0.00100    0.00100    0.00200    0.00010
     8    0.16250   47.08672    0.00100    0.00100    0.00200    0.00010
     9    0.18750   46.93331    0.00100    0.00100    0.00200    0.00009
    10    0.21250   46.75819    0.00100    0.00100    0.00200    0.00009
    11    0.23750   46.56144    0.00100    0.00100    0.00200    0.00009
    12    0.26250   46.34315    0.00100    0.00100    0.00200    0.00009
    13    0.28750   46.10343    0.00100    0.00100    0.00200    0.00009
    14    0.31250   45.84238    0.00100    0.00100    0.00200    0.00009
    15    0.33750   45.56013    0.00100    0.00100    0.00200    0.00009
    16    0.36250   45.25681    0.00100    0.00100    0.00200    0.00009
    17    0.38750   44.93256    0.00100    0.00100    0.00200    0.00009
    18    0.41250   44.58752    0.00100    0.00100    0.00200    0.00009
    19    0.43750   44.22185    0.00100    0.00100    0.00200    0.00009
    20    0.46250   43.83574    0.00100    0.00100    0.00200    0.00009
    21    0.48750   43.42934    0.00100    0.00100    0.00200    0.00009
    22    0.51250   43.00285    0.00100    0.00100    0.00200    0.00009
    23    0.53750   42.55647    0.00100    0.00100    0.00200    0.00009
    24    0.56250   42.09040    0.00100    0.00100    0.00200    0.00009
    25    0.58750   41.60488    0.00100    0.00100    0.00200    0.00008
    26    0.61250   41.10009    0.00100    0.00100    0.00200    0.00008
    27    0.63750   40.57630    0.00100    0.00100    0.00200    0.00008
    28    0.66250   40.03374    0.00100    0.00100    0.00200    0.00008
    29    0.68750   39.47266    0.00100    0.00100    0.00200    0.00008
    30    0.71250   38.89332    0.00100    0.00100    0.00200    0.00008
    31    0.73750   38.29598    0.00100    0.00100    0.00200    0.00008
    32    0.76250   37.68093    0.00100    0.00100    0.00200    0.00008
    33    0.78750   37.04846    0.00100    0.00100    0.00200    0.00007
    34    0.81250   36.39885    0.00100    0.00100    0.00200    0.00007
    35    0.83750   35.73240    0.00100    0.00100    0.00200    0.00007
    36    0.86250   35.04942    0.00100    0.00100    0.00200    0.00007
    37    0.88750   34.35023    0.00100    0.00100    0.00200    0.00007
    38    0.91250   33.63514    0.00100    0.00100    0.00200    0.00007
    39    0.93750   32.90450    0.00100    0.00100    0.00200    0.00007
    40    0.96250   32.15865    0.00100    0.00100    0.00200    0.00006
    41    0.98750   31.39791    0.00200    0.00100    0.00300    0.00006
    42    1.00000   31.01029    0.00000    0.00200    0.00203    0.00000
     1    0.00000   36.65707    0.00200    0.00000    1.00000    0.00000
     2    0.01250   36.65707    0.00100    0.00200    0.00300    0.00007
     3    0.03750   36.64011    0.00100    0.00100    0.00200    0.00007
     4    0.06250   36.60620    0.00100    0.00100    0.00200    0.00007
     5    0.08750   36.55537    0.00100    0.00100    0.00200    0.00007
     6    0.11250   36.48761    0.00100    0.00100    0.00200    0.00007
     7    0.13750   36.40298    0.00100    0.00100    0.00200    0.00007
     8    0.16250   36.30150    0.00100    0.00100    0.00200    0.00007
     9    0.18750   36.18324    0.00100    0.00100    0.00200    0.00007
    10    0.21250   36.04823    0.00100    0.00100    0.00200    0.00007
    11    0.23750   35.89653    0.00100    0.00100    0.00200    0.00007
    12    0.26250   35.72825    0.00100    0.00100    0.00200    0.00007
    13    0.28750   35.54343    0.00100    0.00100    0.00200    0.00007
    14    0.31250   35.34217    0.00100    0.00100    0.00200    0.00007
    15    0.33750   35.12457    0.00100    0.00100    0.00200    0.00007
    16    0.36250   34.89072    0.00100    0.00100    0.00200    0.00007
    17    0.38750   34.64074    0.00100    0.00100    0.00200    0.00007
    18    0.41250   34.37473    0.00100    0.00100    0.00200    0.00007
    19    0.43750   34.09282    0.00100    0.00100    0.00200    0.00007
    20    0.46250   33.79514    0.00100    0.00100    0.00200    0.00007
    21    0.48750   33.48183    0.00100    0.00100    0.00200    0.00007
    22    0.51250   33.15302    0.00100    0.00100    0.00200    0.00007
    23    0.53750   32.80889    0.00100    0.00100    0.00200    0.00007
    24    0.56250   32.44957    0.00100    0.00100    0.00200    0.00007
    25    0.58750   32.07526    0.00100    0.00100    0.00200    0.00006
    26    0.61250   31.68609    0.00100    0.00100    0.00200    0.00006
    27    0.63750   31.28228    0.00100    0.00100    0.00200    0.00006
    28    0.66250   30.86399    0.00100    0.00100    0.00200    0.00006
    29    0.68750   30.43142    0.00100    0.00100    0.00200    0.00006
    30    0.71250   29.98478    0.00100    0.00100    0.00200    0.00006
    31    0.73750   29.52426    0.00100    0.00100    0.00200    0.00006
    32    0.76250   29.05009    0.00100    0.00100    0.00200    0.00006
    33    0.78750   28.56248    0.00100    0.00100    0.00200    0.00006
    34    0.81250   28.06166    0.00100    0.00100    0.00200    0.00006
    35    0.83750   27.54786    0.00100    0.00100    0.00200    0.00006
    36    0.86250   27.02131    0.00100    0.00100    0.00200    0.00005
    37    0.88750   26.48227    0.00100    0.00100    0.00200    0.00005
    38    0.91250   25.93098    0.00100    0.00100    0.00200    0.00005
    39    0.93750   25.36769    0.00100    0.00100    0.00200    0.00005
    40    0.96250   24.79268    0.00100    0.00100    0.00200    0.00005
    41    0.98750   24.20619    0.00200    0.00100    0.00300    0.00005
    42    1.00000   23.90735    0.00000    0.00200    0.00203    0.00000
     1    0.00000   28.26076    0.00200    0.00000    1.00000    0.00000
     2    0.01250   28.26076    0.00100    0.00200    0.00300    0.00006
     3    0.03750   28.24769    0.00100    0.00100    0.00200    0.00006
     4    0.06250   28.22155    0.00100    0.00100    0.00200    0.00006
     5    0.08750   28.18235    0.00100    0.00100    0.00200    0.00006
     6    0.11250   28.13012    0.00100    0.00100    0.00200    0.00006
     7    0.13750   28.06487    0.00100    0.00100    0.00200    0.00006
     8    0.16250   27.98664    0.00100    0.00100    0.00200    0.00006
     9    0.18750   27.89546    0.00100    0.00100    0.00200    0.00006
    10    0.21250   27.79137    0.00100    0.00100    0.00200    0.00006
    11    0.23750   27.67443    0.00100    0.00100    0.00200    0.00006
    12    0.26250   27.54469    0.00100    0.00100    0.00200    0.00006
    13    0.28750   27.40220    0.00100    0.00100    0.00200    0.00006
    14    0.31250   27.24704    0.00100    0.00100    0.00200    0.00006
    15    0.33750   27.07928    0.00100    0.00100    0.00200    0.00005
    16    0.36250   26.89900    0.00100    0.00100    0.00200    0.00005
    17    0.38750   26.70627    0.00100    0.00100    0.00200    0.00005
    18    0.41250   26.50119    0.00100    0.00100    0.00200    0.00005
    19    0.43750   26.28385    0.00100    0.00100    0.00200    0.00005
    20    0.46250   26.05436    0.00100    0.00100    0.00200    0.00005
    21    0.48750   25.81281    0.00100    0.00100    0.00200    0.00005
    22    0.51250   25.55932    0.00100    0.00100    0.00200    0.00005
    23    0.53750   25.29401    0.00100    0.00100    0.00200    0.00005
    24    0.56250   25.01699    0.00100    0.00100    0.00200    0.00005
    25    0.58750   24.72841    0.00100    0.00100    0.00200    0.00005
    26    0.61250   24.42839    0.00100    0.00100    0.00200    0.00005
    27    0.63750   24.11706    0.00100    0.00100    0.00200    0.00005
    28    0.66250   23.79458    0.00100    0.00100    0.00200    0.00005
    29    0.68750   23.46109    0.00100    0.00100    0.00200    0.00005
    30    0.71250   23.11675    0.00100    0.00100    0.00200    0.00005
    31    0.73750   22.76172    0.00100    0.00100    0.00200    0.00005
    32    0.76250   22.39616    0.00100    0.00100    0.00200    0.00005
    33    0.78750   22.02024    0.00100    0.00100    0.00200    0.00004
    34    0.81250   21.63413    0.00100    0.00100    0.00200    0.00004
    35    0.83750   21.23802    0.00100    0.00100    0.00200    0.00004
    36    0.86250   20.83208    0.00100    0.00100    0.00200    0.00004
    37    0.88750   20.41650    0.00100    0.00100    0.00200    0.00004
    38    0.91250   19.99148    0.00100    0.00100    0.00200    0.00004
    39    0.93750   19.55722    0.00100    0.00100    0.00200    0.00004
    40    0.96250   19.11391    0.00100    0.00100    0.00200    0.00004
    41    0.98750   18.66176    0.00200    0.00100    0.00300    0.00004
    42    1.00000   18.43136    0.00000    0.00200    0.00203    0.00000
     1    0.00000   21.78762    0.00200    0.00000    1.00000    0.00000
     2    0.01250   21.78762    0.00100    0.00200    0.00300    0.00004
     3    0.03750   21.77755    0.00100    0.00100    0.00200    0.00004
     4    0.06250   21.75739    0.00100    0.00100    0.00200    0.00004
     5    0.08750   21.72718    0.00100    0.00100    0.00200    0.00004
     6    0.11250   21.68691    0.00100    0.00100    0.00200    0.00004
     7    0.13750   21.63660    0.00100    0.00100    0.00200    0.00004
     8    0.16250   21.57629    0.00100    0.00100    0.00200    0.00004
     9    0.18750   21.50599    0.00100    0.00100    0.00200    0.00004
    10    0.21250   21.42575    0.00100    0.00100    0.00200    0.00004
    11    0.23750   21.33559    0.00100    0.00100    0.00200    0.00004
    12    0.26250   21.23557    0.00100    0.00100    0.00200    0.00004
    13    0.28750   21.12572    0.00100    0.00100    0.00200    0.00004
    14    0.31250   21.00610    0.00100    0.00100    0.00200    0.00004
    15    0.33750   20.87676    0.00100    0.00100    0.00200    0.00004
    16    0.36250   20.73777    0.00100    0.00100    0.00200    0.00004
    17    0.38750   20.58919    0.00100    0.00100    0.00200    0.00004
    18    0.41250   20.43109    0.00100    0.00100    0.00200    0.00004
    19    0.43750   20.26353    0.00100    0.00100    0.00200    0.00004
    20    0.46250   20.08660    0.00100    0.00100    0.00200    0.00004
    21    0.48750   19.90038    0.00100    0.00100    0.00200    0.00004
    22    0.51250   19.70495    0.00100    0.00100    0.00200    0.00004
    23    0.53750   19.50041    0.00100    0.00100    0.00200    0.00004
    24    0.56250   19.28684    0.00100    0.00100    0.00200    0.00004
    25    0.58750   19.06436    0.00100    0.00100    0.00200    0.00004
    26    0.61250   18.83306    0.00100    0.00100    0.00200    0.00004
    27    0.63750   18.59304    0.00100    0.00100    0.00200    0.00004
    28    0.66250   18.34443    0.00100    0.00100    0.00200    0.00004
    29    0.68750   18.08732    0.00100    0.00100    0.00200    0.00004
    30    0.71250   17.82186    0.00100    0.00100    0.00200    0.00004
    31    0.73750   17.54814    0.00100    0.00100    0.00200    0.00004
    32    0.76250   17.26631    0.00100    0.00100    0.00200    0.00003
    33    0.78750   16.97649    0.00100    0.00100    0.00200    0.00003
    34    0.81250   16.67883    0.00100    0.00100    0.00200    0.00003
    35    0.83750   16.37344    0.00100    0.00100    0.00200    0.00003
    36    0.86250   16.06048    0.00100    0.00100    0.00200    0.00003
    37    0.88750   15.74010    0.00100    0.00100    0.00200    0.00003
    38    0.91250   15.41243    0.00100    0.00100    0.00200    0.00003
    39    0.93750   15.07763    0.00100    0.00100    0.00200    0.00003
    40    0.96250   14.73586    0.00100    0.00100    0.00200    0.00003
    41    0.98750   14.38727    0.00200    0.00100    0.00300    0.00003
    42    1.00000   14.20965    0.00000    0.00200    0.00203    0.00000
     1    0.00000   16.79716    0.00200    0.00000    1.00000    0.00000
     2    0.01250   16.79716    0.00100    0.00200    0.00300    0.00003
     3    0.03750   16.78939    0.00100    0.00100    0.00200    0.00003
     4    0.06250   16.77385    0.00100    0.00100    0.00200    0.00003
     5    0.08750   16.75056    0.00100    0.00100    0.00200    0.00003
     6    0.11250   16.71951    0.00100    0.00100    0.00200    0.00003
     7    0.13750   16.68073    0.00100    0.00100    0.00200    0.00003
     8    0.16250   16.63423    0.00100    0.00100    0.00200    0.00003
     9    0.18750   16.58003    0.00100    0.00100    0.00200    0.00003
    10    0.21250   16.51817    0.00100    0.00100    0.00200    0.00003
    11    0.23750   16.44866    0.00100    0.00100    0.00200    0.00003
    12    0.26250   16.37155    0.00100    0.00100    0.00200    0.00003
    13    0.28750   16.28686    0.00100    0.00100    0.00200    0.00003
    14    0.31250   16.19464    0.00100    0.00100    0.00200    0.00003
    15    0.33750   16.09493    0.00100    0.00100    0.00200    0.00003
    16    0.36250   15.98778    0.00100    0.00100    0.00200    0.00003
    17    0.38750   15.87323    0.00100    0.00100    0.00200    0.00003
    18    0.41250   15.75134    0.00100    0.00100    0.00200    0.00003
    19    0.43750   15.62216    0.00100    0.00100    0.00200    0.00003
    20    0.46250   15.48575    0.00100    0.00100    0.00200    0.00003
    21    0.48750   15.34219    0.00100    0.00100    0.00200    0.00003
    22    0.51250   15.19152    0.00100    0.00100    0.00200    0.00003
    23    0.53750   15.03383    0.00100    0.00100    0.00200    0.00003
    24    0.56250   14.86918    0.00100    0.00100    0.00200    0.00003
    25    0.58750   14.69766    0.00100    0.00100    0.00200    0.00003
    26    0.61250   14.51933    0.00100    0.00100    0.00200    0.00003
    27    0.63750   14.33430    0.00100    0.00100    0.00200    0.00003
    28    0.66250   14.14262    0.00100    0.00100    0.00200    0.00003
    29    0.68750   13.94441    0.00100    0.00100    0.00200    0.00003
    30    0.71250   13.73975    0.00100    0.00100    0.00200    0.00003
    31    0.73750   13.52873    0.00100    0.00100    0.00200    0.00003
    32    0.76250   13.31145    0.00100    0.00100    0.00200    0.00003
    33    0.78750   13.08802    0.00100    0.00100    0.00200    0.00003
    34    0.81250   12.85853    0.00100    0.00100    0.00200    0.00003
    35    0.83750   12.62310    0.00100    0.00100    0.00200    0.00003
    36    0.86250   12.38182    0.00100    0.00100    0.00200    0.00003
    37    0.88750   12.13482    0.00100    0.00100    0.00200    0.00002
    38    0.91250   11.88220    0.00100    0.00100    0.00200    0.00002
    39    0.93750   11.62409    0.00100    0.00100    0.00200    0.00002
    40    0.96250   11.36060    0.00100    0.00100    0.00200    0.00002
    41    0.98750   11.09186    0.00200    0.00100    0.00300    0.00002
    42    1.00000   10.95493    0.00000    0.00200    0.00203    0.00000
     1    0.00000   12.94976    0.00200    0.00000    1.00000    0.00000
     2    0.01250   12.94976    0.00100    0.00200    0.00300    0.00003
     3    0.03750   12.94377    0.00100    0.00100    0.00200    0.00003
     4    0.06250   12.93179    0.00100    0.00100    0.00200    0.00003
     5    0.08750   12.91384    0.00100    0.00100    0.00200    0.00003
     6    0.11250   12.88990    0.00100    0.00100    0.00200    0.00003
     7    0.13750   12.86000    0.00100    0.00100    0.00200    0.00003
     8    0.16250   12.82415    0.00100    0.00100    0.00200    0.00003
     9    0.18750   12.78237    0.00100    0.00100    0.00200    0.00003
    10    0.21250   12.73468    0.00100    0.00100    0.00200    0.00003
    11    0.23750   12.68109    0.00100    0.00100    0.00200    0.00003
    12    0.26250   12.62164    0.00100    0.00100    0.00200    0.00003
    13    0.28750   12.55635    0.00100    0.00100    0.00200    0.00003
    14    0.31250   12.48525    0.00100    0.00100    0.00200    0.00003
    15    0.33750   12.40838    0.00100    0.00100    0.00200    0.00003
    16    0.36250   12.32577    0.00100    0.00100    0.00200    0.00002
    17    0.38750   12.23746    0.00100    0.00100    0.00200    0.00002
    18    0.41250   12.14349    0.00100    0.00100    0.00200    0.00002
    19    0.43750   12.04390    0.00100    0.00100    0.00200    0.00002
    20    0.46250   11.93874    0.00100    0.00100    0.00200    0.00002
    21    0.48750   11.82805    0.00100    0.00100    0.00200    0.00002
    22    0.51250   11.71190    0.00100    0.00100    0.00200    0.00002
    23    0.53750   11.59032    0.00100    0.00100    0.00200    0.00002
    24    0.56250   11.46339    0.00100    0.00100    0.00200    0.00002
    25    0.58750   11.33115    0.00100    0.00100    0.00200    0.00002
    26    0.61250   11.19368    0.00100    0.00100    0.00200    0.00002
    27    0.63750   11.05102    0.00100    0.00100    0.00200    0.00002
    28    0.66250   10.90325    0.00100    0.00100    0.00200    0.00002
    29    0.68750   10.75044    0.00100    0.00100    0.00200    0.00002
    30    0.71250   10.59265    0.00100    0.00100    0.00200    0.00002
    31    0.73750   10.42997    0.00100    0.00100    0.00200    0.00002
    32    0.76250   10.26246    0.00100    0.00100    0.00200    0.00002
    33    0.78750   10.09020    0.00100    0.00100    0.00200    0.00002
    34    0.81250    9.91328    0.00100    0.00100    0.00200    0.00002
    35    0.83750    9.73177    0.00100    0.00100    0.00200    0.00002
    36    0.86250    9.54576    0.00100    0.00100    0.00200    0.00002
    37    0.88750    9.35533    0.00100    0.00100    0.00200    0.00002
    38    0.91250    9.16058    0.00100    0.00100    0.00200    0.00002
    39    0.93750    8.96159    0.00100    0.00100    0.00200    0.00002
    40    0.96250    8.75845    0.00100    0.00100    0.00200    0.00002
    41    0.98750    8.55127    0.00200    0.00100    0.00300    0.00002
    42    1.00000    8.44569    0.00000    0.00200    0.00203    0.00000
