 # I XP T DE ATW ATP BT
     1    0.00000   80.00205    0.00000    0.00000    0.00000    0.00000
     2    0.01250   79.99743    0.00000    0.00000    0.00000    0.00000
     3    0.03750   79.96043 **********   -0.00000    0.00000    0.00000
     4    0.06250   79.88644    0.00000    0.00000    0.00000    0.00000
     5    0.08750   79.77549 **********    0.00000    0.00000    0.00000
     6    0.11250   79.62765    0.00000    0.00000    0.00000    0.00000
     7    0.13750   79.44298    0.00000    0.00000    0.00000    0.00000
     8    0.16250   79.22156    0.00000    0.00000    0.00000    0.00000
     9    0.18750   78.96349        NaN        NaN    0.00000    0.00000
    10    0.21250   78.66890        NaN    0.00000    0.00000    0.00000
    11    0.23750   78.33792 **********    0.00000    0.00000    0.00000
    12    0.26250   77.97071    0.00000    0.00000    0.00000    0.00000
    13    0.28750   77.56743 **********    0.00000    0.00000    0.00000
    14    0.31250   77.12827    0.00000    0.00000    0.00000    0.00000
    15    0.33750   76.65343 **********   -0.00000    0.00000    0.00000
    16    0.36250   76.14314    0.00000    0.00000    0.00000    0.00000
    17    0.38750   75.59763 **********    0.00000    0.00000    0.00000
    18    0.41250   75.01715    0.00000    0.00000    0.00000    0.00000
    19    0.43750   74.40198    0.00000   -0.00000    0.00000   -0.00000
    20    0.46250   73.75238    0.00000    0.00000    0.00000    0.00000
    21    0.48750   73.06867 **********    0.00000    0.00000 **********
    22    0.51250   72.35116    0.00000    0.00000    0.00000    0.00000
    23    0.53750   71.60019 **********        NaN    0.00000    0.00000
    24    0.56250   70.81609    0.00000    0.00000    0.00000    0.00000
    25    0.58750   69.99925 **********    0.00490    0.00000    0.00000
    26    0.61250   69.15002    0.00000    0.00000    0.00000    0.00000
    27    0.63750   68.26881 **********   -0.00000    0.00000    0.00000
    28    0.66250   67.35602    0.00000    0.00000    0.00000    0.00000
    29    0.68750   66.41207    0.00000    0.00000    0.00000    0.00000
    30    0.71250   65.43741    0.00000    0.00000    0.00000    0.00000
    31    0.73750   64.43247        NaN    0.00000    0.00000   -0.00000
    32    0.76250   63.39773        NaN    0.00000    0.00000    0.00000
    33    0.78750   62.33367 **********    0.00000    0.00000 **********
    34    0.81250   61.24078    0.00000    0.00000    0.00000    0.00000
    35    0.83750   60.11955 **********    0.00000    0.00000    0.00000
    36    0.86250   58.97052    0.00000    0.00000    0.00000    0.00000
    37    0.88750   57.79421 **********    0.00000    0.00000    0.00000
    38    0.91250   56.59117    0.00000    0.00000    0.00000    0.00000
    39    0.93750   55.36195 ********** **********    0.00000    0.00000
    40    0.96250   54.10713    0.00000    0.00000    0.00000    0.00000
    41    0.98750   52.82727 **********    0.00000    0.00000    0.00000
    42    1.00000   52.17814    0.00000    0.00000    0.00000    0.00000
     1    0.00000   70.25775    0.00200    0.00000    1.00000    0.00000
     2    0.01250   70.25775    0.00100    0.00200    0.00300    0.00027
     3    0.03750   70.22526    0.00100    0.00100    0.00200    0.00027
     4    0.06250   70.16026    0.00100    0.00100    0.00200    0.00027
     5    0.08750   70.06283    0.00100    0.00100    0.00200    0.00027
     6    0.11250   69.93298    0.00100    0.00100    0.00200    0.00027
     7    0.13750   69.77077    0.00100    0.00100    0.00200    0.00027
     8    0.16250   69.57628    0.00100    0.00100    0.00200    0.00026
     9    0.18750   69.34960    0.00100    0.00100    0.00200    0.00026
    10    0.21250   69.09084    0.00100    0.00100    0.00200    0.00026
    11    0.23750   68.80013    0.00100    0.00100    0.00200    0.00026
    12    0.26250   68.47759    0.00100    0.00100    0.00200    0.00026
    13    0.28750   68.12338    0.00100    0.00100    0.00200    0.00026
    14    0.31250   67.73766    0.00100    0.00100    0.00200    0.00026
    15    0.33750   67.32060    0.00100    0.00100    0.00200    0.00026
    16    0.36250   66.87241    0.00100    0.00100    0.00200    0.00025
    17    0.38750   66.39329    0.00100    0.00100    0.00200    0.00025
    18    0.41250   65.88346    0.00100    0.00100    0.00200    0.00025
    19    0.43750   65.34315    0.00100    0.00100    0.00200    0.00025
    20    0.46250   64.77261    0.00100    0.00100    0.00200    0.00025
    21    0.48750   64.17213    0.00100    0.00100    0.00200    0.00024
    22    0.51250   63.54195    0.00100    0.00100    0.00200    0.00024
    23    0.53750   62.88239    0.00100    0.00100    0.00200    0.00024
    24    0.56250   62.19374    0.00100    0.00100    0.00200    0.00024
    25    0.58750   61.47632    0.00100    0.00100    0.00200    0.00023
    26    0.61250   60.73046    0.00100    0.00100    0.00200    0.00023
    27    0.63750   59.95652    0.00100    0.00100    0.00200    0.00023
    28    0.66250   59.15483    0.00100    0.00100    0.00200    0.00022
    29    0.68750   58.32579    0.00100    0.00100    0.00200    0.00022
    30    0.71250   57.46977    0.00100    0.00100    0.00200    0.00022
    31    0.73750   56.58716    0.00100    0.00100    0.00200    0.00021
    32    0.76250   55.67838    0.00100    0.00100    0.00200    0.00021
    33    0.78750   54.74384    0.00100    0.00100    0.00200    0.00021
    34    0.81250   53.78397    0.00100    0.00100    0.00200    0.00020
    35    0.83750   52.79922    0.00100    0.00100    0.00200    0.00020
    36    0.86250   51.79004    0.00100    0.00100    0.00200    0.00020
    37    0.88750   50.75691    0.00100    0.00100    0.00200    0.00019
    38    0.91250   49.70030    0.00100    0.00100    0.00200    0.00019
    39    0.93750   48.62070    0.00100    0.00100    0.00200    0.00018
    40    0.96250   47.51860    0.00100    0.00100    0.00200    0.00018
    41    0.98750   46.39452    0.00200    0.00100    0.00300    0.00018
    42    1.00000   45.82175    0.00000    0.00200    0.00203    0.00000
     1    0.00000   70.25775    0.00200    0.00000    1.00000    0.00000
     2    0.01250   70.25775    0.00100    0.00200    0.00300    0.00027
     3    0.03750   70.22526    0.00100    0.00100    0.00200    0.00027
     4    0.06250   70.16026    0.00100    0.00100    0.00200    0.00027
     5    0.08750   70.06283    0.00100    0.00100    0.00200    0.00027
     6    0.11250   69.93298    0.00100    0.00100    0.00200    0.00027
     7    0.13750   69.77077    0.00100    0.00100    0.00200    0.00027
     8    0.16250   69.57628    0.00100    0.00100    0.00200    0.00026
     9    0.18750   69.34960    0.00100    0.00100    0.00200    0.00026
    10    0.21250   69.09084    0.00100    0.00100    0.00200    0.00026
    11    0.23750   68.80013    0.00100    0.00100    0.00200    0.00026
    12    0.26250   68.47759    0.00100    0.00100    0.00200    0.00026
    13    0.28750   68.12338    0.00100    0.00100    0.00200    0.00026
    14    0.31250   67.73766    0.00100    0.00100    0.00200    0.00026
    15    0.33750   67.32060    0.00100    0.00100    0.00200    0.00026
    16    0.36250   66.87241    0.00100    0.00100    0.00200    0.00025
    17    0.38750   66.39329    0.00100    0.00100    0.00200    0.00025
    18    0.41250   65.88346    0.00100    0.00100    0.00200    0.00025
    19    0.43750   65.34315    0.00100    0.00100    0.00200    0.00025
    20    0.46250   64.77261    0.00100    0.00100    0.00200    0.00025
    21    0.48750   64.17213    0.00100    0.00100    0.00200    0.00024
    22    0.51250   63.54195    0.00100    0.00100    0.00200    0.00024
    23    0.53750   62.88239    0.00100    0.00100    0.00200    0.00024
    24    0.56250   62.19374    0.00100    0.00100    0.00200    0.00024
    25    0.58750   61.47632    0.00100    0.00100    0.00200    0.00023
    26    0.61250   60.73046    0.00100    0.00100    0.00200    0.00023
    27    0.63750   59.95652    0.00100    0.00100    0.00200    0.00023
    28    0.66250   59.15483    0.00100    0.00100    0.00200    0.00022
    29    0.68750   58.32579    0.00100    0.00100    0.00200    0.00022
    30    0.71250   57.46977    0.00100    0.00100    0.00200    0.00022
    31    0.73750   56.58716    0.00100    0.00100    0.00200    0.00021
    32    0.76250   55.67838    0.00100    0.00100    0.00200    0.00021
    33    0.78750   54.74384    0.00100    0.00100    0.00200    0.00021
    34    0.81250   53.78397    0.00100    0.00100    0.00200    0.00020
    35    0.83750   52.79922    0.00100    0.00100    0.00200    0.00020
    36    0.86250   51.79004    0.00100    0.00100    0.00200    0.00020
    37    0.88750   50.75691    0.00100    0.00100    0.00200    0.00019
    38    0.91250   49.70030    0.00100    0.00100    0.00200    0.00019
    39    0.93750   48.62070    0.00100    0.00100    0.00200    0.00018
    40    0.96250   47.51860    0.00100    0.00100    0.00200    0.00018
    41    0.98750   46.39452    0.00200    0.00100    0.00300    0.00018
    42    1.00000   45.82175    0.00000    0.00200    0.00203    0.00000
     1    0.00000   61.70361    0.00200    0.00000    1.00000    0.00000
     2    0.01250   61.70361    0.00100    0.00200    0.00300    0.00023
     3    0.03750   61.67507    0.00100    0.00100    0.00200    0.00023
     4    0.06250   61.61799    0.00100    0.00100    0.00200    0.00023
     5    0.08750   61.53242    0.00100    0.00100    0.00200    0.00023
     6    0.11250   61.41837    0.00100    0.00100    0.00200    0.00023
     7    0.13750   61.27591    0.00100    0.00100    0.00200    0.00023
     8    0.16250   61.10509    0.00100    0.00100    0.00200    0.00023
     9    0.18750   60.90601    0.00100    0.00100    0.00200    0.00023
    10    0.21250   60.67875    0.00100    0.00100    0.00200    0.00023
    11    0.23750   60.42342    0.00100    0.00100    0.00200    0.00023
    12    0.26250   60.14015    0.00100    0.00100    0.00200    0.00023
    13    0.28750   59.82906    0.00100    0.00100    0.00200    0.00023
    14    0.31250   59.49028    0.00100    0.00100    0.00200    0.00023
    15    0.33750   59.12400    0.00100    0.00100    0.00200    0.00022
    16    0.36250   58.73036    0.00100    0.00100    0.00200    0.00022
    17    0.38750   58.30957    0.00100    0.00100    0.00200    0.00022
    18    0.41250   57.86180    0.00100    0.00100    0.00200    0.00022
    19    0.43750   57.38726    0.00100    0.00100    0.00200    0.00022
    20    0.46250   56.88618    0.00100    0.00100    0.00200    0.00022
    21    0.48750   56.35880    0.00100    0.00100    0.00200    0.00021
    22    0.51250   55.80534    0.00100    0.00100    0.00200    0.00021
    23    0.53750   55.22607    0.00100    0.00100    0.00200    0.00021
    24    0.56250   54.62125    0.00100    0.00100    0.00200    0.00021
    25    0.58750   53.99118    0.00100    0.00100    0.00200    0.00021
    26    0.61250   53.33612    0.00100    0.00100    0.00200    0.00020
    27    0.63750   52.65639    0.00100    0.00100    0.00200    0.00020
    28    0.66250   51.95230    0.00100    0.00100    0.00200    0.00020
    29    0.68750   51.22419    0.00100    0.00100    0.00200    0.00019
    30    0.71250   50.47239    0.00100    0.00100    0.00200    0.00019
    31    0.73750   49.69723    0.00100    0.00100    0.00200    0.00019
    32    0.76250   48.89909    0.00100    0.00100    0.00200    0.00019
    33    0.78750   48.07832    0.00100    0.00100    0.00200    0.00018
    34    0.81250   47.23532    0.00100    0.00100    0.00200    0.00018
    35    0.83750   46.37047    0.00100    0.00100    0.00200    0.00018
    36    0.86250   45.48416    0.00100    0.00100    0.00200    0.00017
    37    0.88750   44.57681    0.00100    0.00100    0.00200    0.00017
    38    0.91250   43.64885    0.00100    0.00100    0.00200    0.00017
    39    0.93750   42.70069    0.00100    0.00100    0.00200    0.00016
    40    0.96250   41.73278    0.00100    0.00100    0.00200    0.00016
    41    0.98750   40.74557    0.00200    0.00100    0.00300    0.00015
    42    1.00000   40.24253    0.00000    0.00200    0.00203    0.00000
     1    0.00000   54.19089    0.00200    0.00000    1.00000    0.00000
     2    0.01250   54.19089    0.00100    0.00200    0.00300    0.00021
     3    0.03750   54.16582    0.00100    0.00100    0.00200    0.00021
     4    0.06250   54.11570    0.00100    0.00100    0.00200    0.00021
     5    0.08750   54.04054    0.00100    0.00100    0.00200    0.00021
     6    0.11250   53.94038    0.00100    0.00100    0.00200    0.00020
     7    0.13750   53.81526    0.00100    0.00100    0.00200    0.00020
     8    0.16250   53.66524    0.00100    0.00100    0.00200    0.00020
     9    0.18750   53.49039    0.00100    0.00100    0.00200    0.00020
    10    0.21250   53.29080    0.00100    0.00100    0.00200    0.00020
    11    0.23750   53.06656    0.00100    0.00100    0.00200    0.00020
    12    0.26250   52.81777    0.00100    0.00100    0.00200    0.00020
    13    0.28750   52.54455    0.00100    0.00100    0.00200    0.00020
    14    0.31250   52.24702    0.00100    0.00100    0.00200    0.00020
    15    0.33750   51.92533    0.00100    0.00100    0.00200    0.00020
    16    0.36250   51.57962    0.00100    0.00100    0.00200    0.00020
    17    0.38750   51.21006    0.00100    0.00100    0.00200    0.00019
    18    0.41250   50.81680    0.00100    0.00100    0.00200    0.00019
    19    0.43750   50.40004    0.00100    0.00100    0.00200    0.00019
    20    0.46250   49.95996    0.00100    0.00100    0.00200    0.00019
    21    0.48750   49.49678    0.00100    0.00100    0.00200    0.00019
    22    0.51250   49.01070    0.00100    0.00100    0.00200    0.00019
    23    0.53750   48.50196    0.00100    0.00100    0.00200    0.00018
    24    0.56250   47.97078    0.00100    0.00100    0.00200    0.00018
    25    0.58750   47.41742    0.00100    0.00100    0.00200    0.00018
    26    0.61250   46.84211    0.00100    0.00100    0.00200    0.00018
    27    0.63750   46.24514    0.00100    0.00100    0.00200    0.00018
    28    0.66250   45.62678    0.00100    0.00100    0.00200    0.00017
    29    0.68750   44.98732    0.00100    0.00100    0.00200    0.00017
    30    0.71250   44.32705    0.00100    0.00100    0.00200    0.00017
    31    0.73750   43.64626    0.00100    0.00100    0.00200    0.00017
    32    0.76250   42.94529    0.00100    0.00100    0.00200    0.00016
    33    0.78750   42.22446    0.00100    0.00100    0.00200    0.00016
    34    0.81250   41.48410    0.00100    0.00100    0.00200    0.00016
    35    0.83750   40.72455    0.00100    0.00100    0.00200    0.00015
    36    0.86250   39.94615    0.00100    0.00100    0.00200    0.00015
    37    0.88750   39.14928    0.00100    0.00100    0.00200    0.00015
    38    0.91250   38.33429    0.00100    0.00100    0.00200    0.00015
    39    0.93750   37.50158    0.00100    0.00100    0.00200    0.00014
    40    0.96250   36.65153    0.00100    0.00100    0.00200    0.00014
    41    0.98750   35.78451    0.00200    0.00100    0.00300    0.00014
    42    1.00000   35.34273    0.00000    0.00200    0.00203    0.00000
     1    0.00000   47.59285    0.00200    0.00000    1.00000    0.00000
     2    0.01250   47.59285    0.00100    0.00200    0.00300    0.00018
     3    0.03750   47.57083    0.00100    0.00100    0.00200    0.00018
     4    0.06250   47.52681    0.00100    0.00100    0.00200    0.00018
     5    0.08750   47.46080    0.00100    0.00100    0.00200    0.00018
     6    0.11250   47.37283    0.00100    0.00100    0.00200    0.00018
     7    0.13750   47.26295    0.00100    0.00100    0.00200    0.00018
     8    0.16250   47.13120    0.00100    0.00100    0.00200    0.00018
     9    0.18750   46.97763    0.00100    0.00100    0.00200    0.00018
    10    0.21250   46.80234    0.00100    0.00100    0.00200    0.00018
    11    0.23750   46.60540    0.00100    0.00100    0.00200    0.00018
    12    0.26250   46.38691    0.00100    0.00100    0.00200    0.00018
    13    0.28750   46.14696    0.00100    0.00100    0.00200    0.00018
    14    0.31250   45.88565    0.00100    0.00100    0.00200    0.00017
    15    0.33750   45.60313    0.00100    0.00100    0.00200    0.00017
    16    0.36250   45.29951    0.00100    0.00100    0.00200    0.00017
    17    0.38750   44.97495    0.00100    0.00100    0.00200    0.00017
    18    0.41250   44.62957    0.00100    0.00100    0.00200    0.00017
    19    0.43750   44.26355    0.00100    0.00100    0.00200    0.00017
    20    0.46250   43.87706    0.00100    0.00100    0.00200    0.00017
    21    0.48750   43.47027    0.00100    0.00100    0.00200    0.00017
    22    0.51250   43.04338    0.00100    0.00100    0.00200    0.00016
    23    0.53750   42.59657    0.00100    0.00100    0.00200    0.00016
    24    0.56250   42.13007    0.00100    0.00100    0.00200    0.00016
    25    0.58750   41.64408    0.00100    0.00100    0.00200    0.00016
    26    0.61250   41.13882    0.00100    0.00100    0.00200    0.00016
    27    0.63750   40.61453    0.00100    0.00100    0.00200    0.00015
    28    0.66250   40.07146    0.00100    0.00100    0.00200    0.00015
    29    0.68750   39.50985    0.00100    0.00100    0.00200    0.00015
    30    0.71250   38.92997    0.00100    0.00100    0.00200    0.00015
    31    0.73750   38.33208    0.00100    0.00100    0.00200    0.00015
    32    0.76250   37.71645    0.00100    0.00100    0.00200    0.00014
    33    0.78750   37.08339    0.00100    0.00100    0.00200    0.00014
    34    0.81250   36.43316    0.00100    0.00100    0.00200    0.00014
    35    0.83750   35.76609    0.00100    0.00100    0.00200    0.00014
    36    0.86250   35.08247    0.00100    0.00100    0.00200    0.00013
    37    0.88750   34.38262    0.00100    0.00100    0.00200    0.00013
    38    0.91250   33.66686    0.00100    0.00100    0.00200    0.00013
    39    0.93750   32.93554    0.00100    0.00100    0.00200    0.00013
    40    0.96250   32.18898    0.00100    0.00100    0.00200    0.00012
    41    0.98750   31.42753    0.00200    0.00100    0.00300    0.00012
    42    1.00000   31.03954    0.00000    0.00200    0.00203    0.00000
     1    0.00000   41.79816    0.00200    0.00000    1.00000    0.00000
     2    0.01250   41.79816    0.00100    0.00200    0.00300    0.00016
     3    0.03750   41.77882    0.00100    0.00100    0.00200    0.00016
     4    0.06250   41.74016    0.00100    0.00100    0.00200    0.00016
     5    0.08750   41.68219    0.00100    0.00100    0.00200    0.00016
     6    0.11250   41.60493    0.00100    0.00100    0.00200    0.00016
     7    0.13750   41.50843    0.00100    0.00100    0.00200    0.00016
     8    0.16250   41.39272    0.00100    0.00100    0.00200    0.00016
     9    0.18750   41.25785    0.00100    0.00100    0.00200    0.00016
    10    0.21250   41.10390    0.00100    0.00100    0.00200    0.00016
    11    0.23750   40.93094    0.00100    0.00100    0.00200    0.00016
    12    0.26250   40.73905    0.00100    0.00100    0.00200    0.00015
    13    0.28750   40.52831    0.00100    0.00100    0.00200    0.00015
    14    0.31250   40.29882    0.00100    0.00100    0.00200    0.00015
    15    0.33750   40.05069    0.00100    0.00100    0.00200    0.00015
    16    0.36250   39.78404    0.00100    0.00100    0.00200    0.00015
    17    0.38750   39.49899    0.00100    0.00100    0.00200    0.00015
    18    0.41250   39.19567    0.00100    0.00100    0.00200    0.00015
    19    0.43750   38.87421    0.00100    0.00100    0.00200    0.00015
    20    0.46250   38.53477    0.00100    0.00100    0.00200    0.00015
    21    0.48750   38.17752    0.00100    0.00100    0.00200    0.00015
    22    0.51250   37.80260    0.00100    0.00100    0.00200    0.00014
    23    0.53750   37.41019    0.00100    0.00100    0.00200    0.00014
    24    0.56250   37.00049    0.00100    0.00100    0.00200    0.00014
    25    0.58750   36.57367    0.00100    0.00100    0.00200    0.00014
    26    0.61250   36.12993    0.00100    0.00100    0.00200    0.00014
    27    0.63750   35.66948    0.00100    0.00100    0.00200    0.00014
    28    0.66250   35.19253    0.00100    0.00100    0.00200    0.00013
    29    0.68750   34.69930    0.00100    0.00100    0.00200    0.00013
    30    0.71250   34.19002    0.00100    0.00100    0.00200    0.00013
    31    0.73750   33.66492    0.00100    0.00100    0.00200    0.00013
    32    0.76250   33.12426    0.00100    0.00100    0.00200    0.00013
    33    0.78750   32.56827    0.00100    0.00100    0.00200    0.00012
    34    0.81250   31.99722    0.00100    0.00100    0.00200    0.00012
    35    0.83750   31.41136    0.00100    0.00100    0.00200    0.00012
    36    0.86250   30.81097    0.00100    0.00100    0.00200    0.00012
    37    0.88750   30.19634    0.00100    0.00100    0.00200    0.00011
    38    0.91250   29.56773    0.00100    0.00100    0.00200    0.00011
    39    0.93750   28.92545    0.00100    0.00100    0.00200    0.00011
    40    0.96250   28.26979    0.00100    0.00100    0.00200    0.00011
    41    0.98750   27.60105    0.00200    0.00100    0.00300    0.00010
    42    1.00000   27.26030    0.00000    0.00200    0.00203    0.00000
     1    0.00000   36.70900    0.00200    0.00000    1.00000    0.00000
     2    0.01250   36.70900    0.00100    0.00200    0.00300    0.00014
     3    0.03750   36.69202    0.00100    0.00100    0.00200    0.00014
     4    0.06250   36.65806    0.00100    0.00100    0.00200    0.00014
     5    0.08750   36.60715    0.00100    0.00100    0.00200    0.00014
     6    0.11250   36.53930    0.00100    0.00100    0.00200    0.00014
     7    0.13750   36.45454    0.00100    0.00100    0.00200    0.00014
     8    0.16250   36.35292    0.00100    0.00100    0.00200    0.00014
     9    0.18750   36.23448    0.00100    0.00100    0.00200    0.00014
    10    0.21250   36.09927    0.00100    0.00100    0.00200    0.00014
    11    0.23750   35.94737    0.00100    0.00100    0.00200    0.00014
    12    0.26250   35.77884    0.00100    0.00100    0.00200    0.00014
    13    0.28750   35.59376    0.00100    0.00100    0.00200    0.00014
    14    0.31250   35.39221    0.00100    0.00100    0.00200    0.00013
    15    0.33750   35.17429    0.00100    0.00100    0.00200    0.00013
    16    0.36250   34.94011    0.00100    0.00100    0.00200    0.00013
    17    0.38750   34.68976    0.00100    0.00100    0.00200    0.00013
    18    0.41250   34.42337    0.00100    0.00100    0.00200    0.00013
    19    0.43750   34.14105    0.00100    0.00100    0.00200    0.00013
    20    0.46250   33.84295    0.00100    0.00100    0.00200    0.00013
    21    0.48750   33.52918    0.00100    0.00100    0.00200    0.00013
    22    0.51250   33.19991    0.00100    0.00100    0.00200    0.00013
    23    0.53750   32.85529    0.00100    0.00100    0.00200    0.00012
    24    0.56250   32.49546    0.00100    0.00100    0.00200    0.00012
    25    0.58750   32.12061    0.00100    0.00100    0.00200    0.00012
    26    0.61250   31.73089    0.00100    0.00100    0.00200    0.00012
    27    0.63750   31.32651    0.00100    0.00100    0.00200    0.00012
    28    0.66250   30.90763    0.00100    0.00100    0.00200    0.00012
    29    0.68750   30.47445    0.00100    0.00100    0.00200    0.00012
    30    0.71250   30.02718    0.00100    0.00100    0.00200    0.00011
    31    0.73750   29.56602    0.00100    0.00100    0.00200    0.00011
    32    0.76250   29.09118    0.00100    0.00100    0.00200    0.00011
    33    0.78750   28.60289    0.00100    0.00100    0.00200    0.00011
    34    0.81250   28.10137    0.00100    0.00100    0.00200    0.00011
    35    0.83750   27.58685    0.00100    0.00100    0.00200    0.00010
    36    0.86250   27.05956    0.00100    0.00100    0.00200    0.00010
    37    0.88750   26.51976    0.00100    0.00100    0.00200    0.00010
    38    0.91250   25.96768    0.00100    0.00100    0.00200    0.00010
    39    0.93750   25.40360    0.00100    0.00100    0.00200    0.00010
    40    0.96250   24.82777    0.00100    0.00100    0.00200    0.00009
    41    0.98750   24.24046    0.00200    0.00100    0.00300    0.00009
    42    1.00000   23.94119    0.00000    0.00200    0.00203    0.00000
     1    0.00000   32.23947    0.00200    0.00000    1.00000    0.00000
     2    0.01250   32.23947    0.00100    0.00200    0.00300    0.00012
     3    0.03750   32.22456    0.00100    0.00100    0.00200    0.00012
     4    0.06250   32.19473    0.00100    0.00100    0.00200    0.00012
     5    0.08750   32.15002    0.00100    0.00100    0.00200    0.00012
     6    0.11250   32.09043    0.00100    0.00100    0.00200    0.00012
     7    0.13750   32.01600    0.00100    0.00100    0.00200    0.00012
     8    0.16250   31.92674    0.00100    0.00100    0.00200    0.00012
     9    0.18750   31.82272    0.00100    0.00100    0.00200    0.00012
    10    0.21250   31.70398    0.00100    0.00100    0.00200    0.00012
    11    0.23750   31.57057    0.00100    0.00100    0.00200    0.00012
    12    0.26250   31.42256    0.00100    0.00100    0.00200    0.00012
    13    0.28750   31.26001    0.00100    0.00100    0.00200    0.00012
    14    0.31250   31.08300    0.00100    0.00100    0.00200    0.00012
    15    0.33750   30.89162    0.00100    0.00100    0.00200    0.00012
    16    0.36250   30.68595    0.00100    0.00100    0.00200    0.00012
    17    0.38750   30.46609    0.00100    0.00100    0.00200    0.00012
    18    0.41250   30.23213    0.00100    0.00100    0.00200    0.00011
    19    0.43750   29.98419    0.00100    0.00100    0.00200    0.00011
    20    0.46250   29.72238    0.00100    0.00100    0.00200    0.00011
    21    0.48750   29.44682    0.00100    0.00100    0.00200    0.00011
    22    0.51250   29.15764    0.00100    0.00100    0.00200    0.00011
    23    0.53750   28.85497    0.00100    0.00100    0.00200    0.00011
    24    0.56250   28.53896    0.00100    0.00100    0.00200    0.00011
    25    0.58750   28.20975    0.00100    0.00100    0.00200    0.00011
    26    0.61250   27.86748    0.00100    0.00100    0.00200    0.00011
    27    0.63750   27.51233    0.00100    0.00100    0.00200    0.00010
    28    0.66250   27.14445    0.00100    0.00100    0.00200    0.00010
    29    0.68750   26.76402    0.00100    0.00100    0.00200    0.00010
    30    0.71250   26.37121    0.00100    0.00100    0.00200    0.00010
    31    0.73750   25.96619    0.00100    0.00100    0.00200    0.00010
    32    0.76250   25.54917    0.00100    0.00100    0.00200    0.00010
    33    0.78750   25.12033    0.00100    0.00100    0.00200    0.00010
    34    0.81250   24.67987    0.00100    0.00100    0.00200    0.00009
    35    0.83750   24.22799    0.00100    0.00100    0.00200    0.00009
    36    0.86250   23.76490    0.00100    0.00100    0.00200    0.00009
    37    0.88750   23.29083    0.00100    0.00100    0.00200    0.00009
    38    0.91250   22.80597    0.00100    0.00100    0.00200    0.00009
    39    0.93750   22.31057    0.00100    0.00100    0.00200    0.00008
    40    0.96250   21.80486    0.00100    0.00100    0.00200    0.00008
    41    0.98750   21.28905    0.00200    0.00100    0.00300    0.00008
    42    1.00000   21.02622    0.00000    0.00200    0.00203    0.00000
     1    0.00000   28.31413    0.00200    0.00000    1.00000    0.00000
     2    0.01250   28.31413    0.00100    0.00200    0.00300    0.00011
     3    0.03750   28.30103    0.00100    0.00100    0.00200    0.00011
     4    0.06250   28.27484    0.00100    0.00100    0.00200    0.00011
     5    0.08750   28.23557    0.00100    0.00100    0.00200    0.00011
     6    0.11250   28.18324    0.00100    0.00100    0.00200    0.00011
     7    0.13750   28.11786    0.00100    0.00100    0.00200    0.00011
     8    0.16250   28.03948    0.00100    0.00100    0.00200    0.00011
     9    0.18750   27.94812    0.00100    0.00100    0.00200    0.00011
    10    0.21250   27.84384    0.00100    0.00100    0.00200    0.00011
    11    0.23750   27.72667    0.00100    0.00100    0.00200    0.00011
    12    0.26250   27.59669    0.00100    0.00100    0.00200    0.00010
    13    0.28750   27.45393    0.00100    0.00100    0.00200    0.00010
    14    0.31250   27.29847    0.00100    0.00100    0.00200    0.00010
    15    0.33750   27.13039    0.00100    0.00100    0.00200    0.00010
    16    0.36250   26.94976    0.00100    0.00100    0.00200    0.00010
    17    0.38750   26.75667    0.00100    0.00100    0.00200    0.00010
    18    0.41250   26.55120    0.00100    0.00100    0.00200    0.00010
    19    0.43750   26.33344    0.00100    0.00100    0.00200    0.00010
    20    0.46250   26.10351    0.00100    0.00100    0.00200    0.00010
    21    0.48750   25.86150    0.00100    0.00100    0.00200    0.00010
    22    0.51250   25.60753    0.00100    0.00100    0.00200    0.00010
    23    0.53750   25.34172    0.00100    0.00100    0.00200    0.00010
    24    0.56250   25.06418    0.00100    0.00100    0.00200    0.00010
    25    0.58750   24.77505    0.00100    0.00100    0.00200    0.00009
    26    0.61250   24.47446    0.00100    0.00100    0.00200    0.00009
    27    0.63750   24.16255    0.00100    0.00100    0.00200    0.00009
    28    0.66250   23.83946    0.00100    0.00100    0.00200    0.00009
    29    0.68750   23.50535    0.00100    0.00100    0.00200    0.00009
    30    0.71250   23.16036    0.00100    0.00100    0.00200    0.00009
    31    0.73750   22.80466    0.00100    0.00100    0.00200    0.00009
    32    0.76250   22.43841    0.00100    0.00100    0.00200    0.00009
    33    0.78750   22.06178    0.00100    0.00100    0.00200    0.00008
    34    0.81250   21.67495    0.00100    0.00100    0.00200    0.00008
    35    0.83750   21.27810    0.00100    0.00100    0.00200    0.00008
    36    0.86250   20.87139    0.00100    0.00100    0.00200    0.00008
    37    0.88750   20.45504    0.00100    0.00100    0.00200    0.00008
    38    0.91250   20.02922    0.00100    0.00100    0.00200    0.00008
    39    0.93750   19.59414    0.00100    0.00100    0.00200    0.00007
    40    0.96250   19.14999    0.00100    0.00100    0.00200    0.00007
    41    0.98750   18.69699    0.00200    0.00100    0.00300    0.00007
    42    1.00000   18.46616    0.00000    0.00200    0.00203    0.00000
     1    0.00000   24.86672    0.00200    0.00000    1.00000    0.00000
     2    0.01250   24.86672    0.00100    0.00200    0.00300    0.00009
     3    0.03750   24.85522    0.00100    0.00100    0.00200    0.00009
     4    0.06250   24.83222    0.00100    0.00100    0.00200    0.00009
     5    0.08750   24.79773    0.00100    0.00100    0.00200    0.00009
     6    0.11250   24.75177    0.00100    0.00100    0.00200    0.00009
     7    0.13750   24.69435    0.00100    0.00100    0.00200    0.00009
     8    0.16250   24.62551    0.00100    0.00100    0.00200    0.00009
     9    0.18750   24.54528    0.00100    0.00100    0.00200    0.00009
    10    0.21250   24.45369    0.00100    0.00100    0.00200    0.00009
    11    0.23750   24.35079    0.00100    0.00100    0.00200    0.00009
    12    0.26250   24.23663    0.00100    0.00100    0.00200    0.00009
    13    0.28750   24.11126    0.00100    0.00100    0.00200    0.00009
    14    0.31250   23.97473    0.00100    0.00100    0.00200    0.00009
    15    0.33750   23.82711    0.00100    0.00100    0.00200    0.00009
    16    0.36250   23.66848    0.00100    0.00100    0.00200    0.00009
    17    0.38750   23.49889    0.00100    0.00100    0.00200    0.00009
    18    0.41250   23.31844    0.00100    0.00100    0.00200    0.00009
    19    0.43750   23.12719    0.00100    0.00100    0.00200    0.00009
    20    0.46250   22.92525    0.00100    0.00100    0.00200    0.00009
    21    0.48750   22.71271    0.00100    0.00100    0.00200    0.00009
    22    0.51250   22.48967    0.00100    0.00100    0.00200    0.00009
    23    0.53750   22.25622    0.00100    0.00100    0.00200    0.00008
    24    0.56250   22.01247    0.00100    0.00100    0.00200    0.00008
    25    0.58750   21.75855    0.00100    0.00100    0.00200    0.00008
    26    0.61250   21.49456    0.00100    0.00100    0.00200    0.00008
    27    0.63750   21.22062    0.00100    0.00100    0.00200    0.00008
    28    0.66250   20.93687    0.00100    0.00100    0.00200    0.00008
    29    0.68750   20.64344    0.00100    0.00100    0.00200    0.00008
    30    0.71250   20.34046    0.00100    0.00100    0.00200    0.00008
    31    0.73750   20.02807    0.00100    0.00100    0.00200    0.00008
    32    0.76250   19.70641    0.00100    0.00100    0.00200    0.00007
    33    0.78750   19.37564    0.00100    0.00100    0.00200    0.00007
    34    0.81250   19.03591    0.00100    0.00100    0.00200    0.00007
    35    0.83750   18.68737    0.00100    0.00100    0.00200    0.00007
    36    0.86250   18.33018    0.00100    0.00100    0.00200    0.00007
    37    0.88750   17.96452    0.00100    0.00100    0.00200    0.00007
    38    0.91250   17.59055    0.00100    0.00100    0.00200    0.00007
    39    0.93750   17.20844    0.00100    0.00100    0.00200    0.00007
    40    0.96250   16.81837    0.00100    0.00100    0.00200    0.00006
    41    0.98750   16.42052    0.00200    0.00100    0.00300    0.00006
    42    1.00000   16.21780    0.00000    0.00200    0.00203    0.00000
     1    0.00000   21.83905    0.00200    0.00000    1.00000    0.00000
     2    0.01250   21.83905    0.00100    0.00200    0.00300    0.00008
     3    0.03750   21.82895    0.00100    0.00100    0.00200    0.00008
     4    0.06250   21.80875    0.00100    0.00100    0.00200    0.00008
     5    0.08750   21.77846    0.00100    0.00100    0.00200    0.00008
     6    0.11250   21.73810    0.00100    0.00100    0.00200    0.00008
     7    0.13750   21.68768    0.00100    0.00100    0.00200    0.00008
     8    0.16250   21.62722    0.00100    0.00100    0.00200    0.00008
     9    0.18750   21.55675    0.00100    0.00100    0.00200    0.00008
    10    0.21250   21.47632    0.00100    0.00100    0.00200    0.00008
    11    0.23750   21.38594    0.00100    0.00100    0.00200    0.00008
    12    0.26250   21.28568    0.00100    0.00100    0.00200    0.00008
    13    0.28750   21.17558    0.00100    0.00100    0.00200    0.00008
    14    0.31250   21.05567    0.00100    0.00100    0.00200    0.00008
    15    0.33750   20.92603    0.00100    0.00100    0.00200    0.00008
    16    0.36250   20.78670    0.00100    0.00100    0.00200    0.00008
    17    0.38750   20.63777    0.00100    0.00100    0.00200    0.00008
    18    0.41250   20.47928    0.00100    0.00100    0.00200    0.00008
    19    0.43750   20.31133    0.00100    0.00100    0.00200    0.00008
    20    0.46250   20.13398    0.00100    0.00100    0.00200    0.00008
    21    0.48750   19.94731    0.00100    0.00100    0.00200    0.00008
    22    0.51250   19.75142    0.00100    0.00100    0.00200    0.00008
    23    0.53750   19.54640    0.00100    0.00100    0.00200    0.00007
    24    0.56250   19.33233    0.00100    0.00100    0.00200    0.00007
    25    0.58750   19.10932    0.00100    0.00100    0.00200    0.00007
    26    0.61250   18.87747    0.00100    0.00100    0.00200    0.00007
    27    0.63750   18.63689    0.00100    0.00100    0.00200    0.00007
    28    0.66250   18.38769    0.00100    0.00100    0.00200    0.00007
    29    0.68750   18.12998    0.00100    0.00100    0.00200    0.00007
    30    0.71250   17.86389    0.00100    0.00100    0.00200    0.00007
    31    0.73750   17.58954    0.00100    0.00100    0.00200    0.00007
    32    0.76250   17.30704    0.00100    0.00100    0.00200    0.00007
    33    0.78750   17.01655    0.00100    0.00100    0.00200    0.00006
    34    0.81250   16.71818    0.00100    0.00100    0.00200    0.00006
    35    0.83750   16.41208    0.00100    0.00100    0.00200    0.00006
    36    0.86250   16.09838    0.00100    0.00100    0.00200    0.00006
    37    0.88750   15.77724    0.00100    0.00100    0.00200    0.00006
    38    0.91250   15.44880    0.00100    0.00100    0.00200    0.00006
    39    0.93750   15.11321    0.00100    0.00100    0.00200    0.00006
    40    0.96250   14.77064    0.00100    0.00100    0.00200    0.00006
    41    0.98750   14.42123    0.00200    0.00100    0.00300    0.00005
    42    1.00000   14.24319    0.00000    0.00200    0.00203    0.00000
     1    0.00000   19.18002    0.00200    0.00000    1.00000    0.00000
     2    0.01250   19.18002    0.00100    0.00200    0.00300    0.00007
     3    0.03750   19.17115    0.00100    0.00100    0.00200    0.00007
     4    0.06250   19.15341    0.00100    0.00100    0.00200    0.00007
     5    0.08750   19.12681    0.00100    0.00100    0.00200    0.00007
     6    0.11250   19.09136    0.00100    0.00100    0.00200    0.00007
     7    0.13750   19.04707    0.00100    0.00100    0.00200    0.00007
     8    0.16250   18.99398    0.00100    0.00100    0.00200    0.00007
     9    0.18750   18.93209    0.00100    0.00100    0.00200    0.00007
    10    0.21250   18.86145    0.00100    0.00100    0.00200    0.00007
    11    0.23750   18.78208    0.00100    0.00100    0.00200    0.00007
    12    0.26250   18.69403    0.00100    0.00100    0.00200    0.00007
    13    0.28750   18.59733    0.00100    0.00100    0.00200    0.00007
    14    0.31250   18.49202    0.00100    0.00100    0.00200    0.00007
    15    0.33750   18.37816    0.00100    0.00100    0.00200    0.00007
    16    0.36250   18.25580    0.00100    0.00100    0.00200    0.00007
    17    0.38750   18.12500    0.00100    0.00100    0.00200    0.00007
    18    0.41250   17.98581    0.00100    0.00100    0.00200    0.00007
    19    0.43750   17.83831    0.00100    0.00100    0.00200    0.00007
    20    0.46250   17.68255    0.00100    0.00100    0.00200    0.00007
    21    0.48750   17.51861    0.00100    0.00100    0.00200    0.00007
    22    0.51250   17.34657    0.00100    0.00100    0.00200    0.00007
    23    0.53750   17.16651    0.00100    0.00100    0.00200    0.00007
    24    0.56250   16.97851    0.00100    0.00100    0.00200    0.00006
    25    0.58750   16.78265    0.00100    0.00100    0.00200    0.00006
    26    0.61250   16.57903    0.00100    0.00100    0.00200    0.00006
    27    0.63750   16.36774    0.00100    0.00100    0.00200    0.00006
    28    0.66250   16.14888    0.00100    0.00100    0.00200    0.00006
    29    0.68750   15.92255    0.00100    0.00100    0.00200    0.00006
    30    0.71250   15.68886    0.00100    0.00100    0.00200    0.00006
    31    0.73750   15.44791    0.00100    0.00100    0.00200    0.00006
    32    0.76250   15.19981    0.00100    0.00100    0.00200    0.00006
    33    0.78750   14.94468    0.00100    0.00100    0.00200    0.00006
    34    0.81250   14.68264    0.00100    0.00100    0.00200    0.00006
    35    0.83750   14.41381    0.00100    0.00100    0.00200    0.00005
    36    0.86250   14.13831    0.00100    0.00100    0.00200    0.00005
    37    0.88750   13.85627    0.00100    0.00100    0.00200    0.00005
    38    0.91250   13.56781    0.00100    0.00100    0.00200    0.00005
    39    0.93750   13.27309    0.00100    0.00100    0.00200    0.00005
    40    0.96250   12.97223    0.00100    0.00100    0.00200    0.00005
    41    0.98750   12.66536    0.00200    0.00100    0.00300    0.00005
    42    1.00000   12.50900    0.00000    0.00200    0.00203    0.00000
     1    0.00000   16.84474    0.00200    0.00000    1.00000    0.00000
     2    0.01250   16.84474    0.00100    0.00200    0.00300    0.00006
     3    0.03750   16.83695    0.00100    0.00100    0.00200    0.00006
     4    0.06250   16.82137    0.00100    0.00100    0.00200    0.00006
     5    0.08750   16.79801    0.00100    0.00100    0.00200    0.00006
     6    0.11250   16.76687    0.00100    0.00100    0.00200    0.00006
     7    0.13750   16.72798    0.00100    0.00100    0.00200    0.00006
     8    0.16250   16.68135    0.00100    0.00100    0.00200    0.00006
     9    0.18750   16.62700    0.00100    0.00100    0.00200    0.00006
    10    0.21250   16.56496    0.00100    0.00100    0.00200    0.00006
    11    0.23750   16.49525    0.00100    0.00100    0.00200    0.00006
    12    0.26250   16.41792    0.00100    0.00100    0.00200    0.00006
    13    0.28750   16.33299    0.00100    0.00100    0.00200    0.00006
    14    0.31250   16.24051    0.00100    0.00100    0.00200    0.00006
    15    0.33750   16.14051    0.00100    0.00100    0.00200    0.00006
    16    0.36250   16.03305    0.00100    0.00100    0.00200    0.00006
    17    0.38750   15.91818    0.00100    0.00100    0.00200    0.00006
    18    0.41250   15.79594    0.00100    0.00100    0.00200    0.00006
    19    0.43750   15.66639    0.00100    0.00100    0.00200    0.00006
    20    0.46250   15.52960    0.00100    0.00100    0.00200    0.00006
    21    0.48750   15.38562    0.00100    0.00100    0.00200    0.00006
    22    0.51250   15.23453    0.00100    0.00100    0.00200    0.00006
    23    0.53750   15.07639    0.00100    0.00100    0.00200    0.00006
    24    0.56250   14.91128    0.00100    0.00100    0.00200    0.00006
    25    0.58750   14.73927    0.00100    0.00100    0.00200    0.00006
    26    0.61250   14.56044    0.00100    0.00100    0.00200    0.00006
    27    0.63750   14.37488    0.00100    0.00100    0.00200    0.00005
    28    0.66250   14.18266    0.00100    0.00100    0.00200    0.00005
    29    0.68750   13.98389    0.00100    0.00100    0.00200    0.00005
    30    0.71250   13.77865    0.00100    0.00100    0.00200    0.00005
    31    0.73750   13.56704    0.00100    0.00100    0.00200    0.00005
    32    0.76250   13.34915    0.00100    0.00100    0.00200    0.00005
    33    0.78750   13.12508    0.00100    0.00100    0.00200    0.00005
    34    0.81250   12.89495    0.00100    0.00100    0.00200    0.00005
    35    0.83750   12.65885    0.00100    0.00100    0.00200    0.00005
    36    0.86250   12.41689    0.00100    0.00100    0.00200    0.00005
    37    0.88750   12.16919    0.00100    0.00100    0.00200    0.00005
    38    0.91250   11.91586    0.00100    0.00100    0.00200    0.00005
    39    0.93750   11.65702    0.00100    0.00100    0.00200    0.00004
    40    0.96250   11.39278    0.00100    0.00100    0.00200    0.00004
    41    0.98750   11.12328    0.00200    0.00100    0.00300    0.00004
    42    1.00000   10.98596    0.00000    0.00200    0.00203    0.00000
     1    0.00000   14.79380    0.00200    0.00000    1.00000    0.00000
     2    0.01250   14.79380    0.00100    0.00200    0.00300    0.00006
     3    0.03750   14.78696    0.00100    0.00100    0.00200    0.00006
     4    0.06250   14.77327    0.00100    0.00100    0.00200    0.00006
     5    0.08750   14.75276    0.00100    0.00100    0.00200    0.00006
     6    0.11250   14.72541    0.00100    0.00100    0.00200    0.00006
     7    0.13750   14.69126    0.00100    0.00100    0.00200    0.00006
     8    0.16250   14.65030    0.00100    0.00100    0.00200    0.00006
     9    0.18750   14.60257    0.00100    0.00100    0.00200    0.00006
    10    0.21250   14.54808    0.00100    0.00100    0.00200    0.00006
    11    0.23750   14.48686    0.00100    0.00100    0.00200    0.00006
    12    0.26250   14.41895    0.00100    0.00100    0.00200    0.00005
    13    0.28750   14.34436    0.00100    0.00100    0.00200    0.00005
    14    0.31250   14.26313    0.00100    0.00100    0.00200    0.00005
    15    0.33750   14.17531    0.00100    0.00100    0.00200    0.00005
    16    0.36250   14.08094    0.00100    0.00100    0.00200    0.00005
    17    0.38750   13.98005    0.00100    0.00100    0.00200    0.00005
    18    0.41250   13.87269    0.00100    0.00100    0.00200    0.00005
    19    0.43750   13.75892    0.00100    0.00100    0.00200    0.00005
    20    0.46250   13.63878    0.00100    0.00100    0.00200    0.00005
    21    0.48750   13.51233    0.00100    0.00100    0.00200    0.00005
    22    0.51250   13.37964    0.00100    0.00100    0.00200    0.00005
    23    0.53750   13.24075    0.00100    0.00100    0.00200    0.00005
    24    0.56250   13.09574    0.00100    0.00100    0.00200    0.00005
    25    0.58750   12.94468    0.00100    0.00100    0.00200    0.00005
    26    0.61250   12.78762    0.00100    0.00100    0.00200    0.00005
    27    0.63750   12.62465    0.00100    0.00100    0.00200    0.00005
    28    0.66250   12.45584    0.00100    0.00100    0.00200    0.00005
    29    0.68750   12.28127    0.00100    0.00100    0.00200    0.00005
    30    0.71250   12.10102    0.00100    0.00100    0.00200    0.00005
    31    0.73750   11.91517    0.00100    0.00100    0.00200    0.00005
    32    0.76250   11.72381    0.00100    0.00100    0.00200    0.00004
    33    0.78750   11.52703    0.00100    0.00100    0.00200    0.00004
    34    0.81250   11.32491    0.00100    0.00100    0.00200    0.00004
    35    0.83750   11.11756    0.00100    0.00100    0.00200    0.00004
    36    0.86250   10.90506    0.00100    0.00100    0.00200    0.00004
    37    0.88750   10.68752    0.00100    0.00100    0.00200    0.00004
    38    0.91250   10.46503    0.00100    0.00100    0.00200    0.00004
    39    0.93750   10.23771    0.00100    0.00100    0.00200    0.00004
    40    0.96250   10.00565    0.00100    0.00100    0.00200    0.00004
    41    0.98750    9.76896    0.00200    0.00100    0.00300    0.00004
    42    1.00000    9.64835    0.00000    0.00200    0.00203    0.00000
     1    0.00000   12.99257    0.00200    0.00000    1.00000    0.00000
     2    0.01250   12.99257    0.00100    0.00200    0.00300    0.00005
     3    0.03750   12.98656    0.00100    0.00100    0.00200    0.00005
     4    0.06250   12.97454    0.00100    0.00100    0.00200    0.00005
     5    0.08750   12.95652    0.00100    0.00100    0.00200    0.00005
     6    0.11250   12.93251    0.00100    0.00100    0.00200    0.00005
     7    0.13750   12.90251    0.00100    0.00100    0.00200    0.00005
     8    0.16250   12.86654    0.00100    0.00100    0.00200    0.00005
     9    0.18750   12.82462    0.00100    0.00100    0.00200    0.00005
    10    0.21250   12.77677    0.00100    0.00100    0.00200    0.00005
    11    0.23750   12.72300    0.00100    0.00100    0.00200    0.00005
    12    0.26250   12.66336    0.00100    0.00100    0.00200    0.00005
    13    0.28750   12.59785    0.00100    0.00100    0.00200    0.00005
    14    0.31250   12.52651    0.00100    0.00100    0.00200    0.00005
    15    0.33750   12.44939    0.00100    0.00100    0.00200    0.00005
    16    0.36250   12.36650    0.00100    0.00100    0.00200    0.00005
    17    0.38750   12.27790    0.00100    0.00100    0.00200    0.00005
    18    0.41250   12.18361    0.00100    0.00100    0.00200    0.00005
    19    0.43750   12.08369    0.00100    0.00100    0.00200    0.00005
    20    0.46250   11.97818    0.00100    0.00100    0.00200    0.00005
    21    0.48750   11.86713    0.00100    0.00100    0.00200    0.00005
    22    0.51250   11.75059    0.00100    0.00100    0.00200    0.00004
    23    0.53750   11.62861    0.00100    0.00100    0.00200    0.00004
    24    0.56250   11.50126    0.00100    0.00100    0.00200    0.00004
    25    0.58750   11.36859    0.00100    0.00100    0.00200    0.00004
    26    0.61250   11.23066    0.00100    0.00100    0.00200    0.00004
    27    0.63750   11.08753    0.00100    0.00100    0.00200    0.00004
    28    0.66250   10.93927    0.00100    0.00100    0.00200    0.00004
    29    0.68750   10.78596    0.00100    0.00100    0.00200    0.00004
    30    0.71250   10.62765    0.00100    0.00100    0.00200    0.00004
    31    0.73750   10.46443    0.00100    0.00100    0.00200    0.00004
    32    0.76250   10.29637    0.00100    0.00100    0.00200    0.00004
    33    0.78750   10.12355    0.00100    0.00100    0.00200    0.00004
    34    0.81250    9.94604    0.00100    0.00100    0.00200    0.00004
    35    0.83750    9.76393    0.00100    0.00100    0.00200    0.00004
    36    0.86250    9.57731    0.00100    0.00100    0.00200    0.00004
    37    0.88750    9.38625    0.00100    0.00100    0.00200    0.00004
    38    0.91250    9.19086    0.00100    0.00100    0.00200    0.00003
    39    0.93750    8.99121    0.00100    0.00100    0.00200    0.00003
    40    0.96250    8.78740    0.00100    0.00100    0.00200    0.00003
    41    0.98750    8.57953    0.00200    0.00100    0.00300    0.00003
    42    1.00000    8.47361    0.00000    0.00200    0.00203    0.00000
     1    0.00000   11.41065    0.00200    0.00000    1.00000    0.00000
     2    0.01250   11.41065    0.00100    0.00200    0.00300    0.00004
     3    0.03750   11.40537    0.00100    0.00100    0.00200    0.00004
     4    0.06250   11.39482    0.00100    0.00100    0.00200    0.00004
     5    0.08750   11.37899    0.00100    0.00100    0.00200    0.00004
     6    0.11250   11.35790    0.00100    0.00100    0.00200    0.00004
     7    0.13750   11.33156    0.00100    0.00100    0.00200    0.00004
     8    0.16250   11.29997    0.00100    0.00100    0.00200    0.00004
     9    0.18750   11.26315    0.00100    0.00100    0.00200    0.00004
    10    0.21250   11.22112    0.00100    0.00100    0.00200    0.00004
    11    0.23750   11.17391    0.00100    0.00100    0.00200    0.00004
    12    0.26250   11.12152    0.00100    0.00100    0.00200    0.00004
    13    0.28750   11.06399    0.00100    0.00100    0.00200    0.00004
    14    0.31250   11.00134    0.00100    0.00100    0.00200    0.00004
    15    0.33750   10.93360    0.00100    0.00100    0.00200    0.00004
    16    0.36250   10.86081    0.00100    0.00100    0.00200    0.00004
    17    0.38750   10.78299    0.00100    0.00100    0.00200    0.00004
    18    0.41250   10.70019    0.00100    0.00100    0.00200    0.00004
    19    0.43750   10.61243    0.00100    0.00100    0.00200    0.00004
    20    0.46250   10.51977    0.00100    0.00100    0.00200    0.00004
    21    0.48750   10.42224    0.00100    0.00100    0.00200    0.00004
    22    0.51250   10.31989    0.00100    0.00100    0.00200    0.00004
    23    0.53750   10.21276    0.00100    0.00100    0.00200    0.00004
    24    0.56250   10.10092    0.00100    0.00100    0.00200    0.00004
    25    0.58750    9.98440    0.00100    0.00100    0.00200    0.00004
    26    0.61250    9.86326    0.00100    0.00100    0.00200    0.00004
    27    0.63750    9.73756    0.00100    0.00100    0.00200    0.00004
    28    0.66250    9.60735    0.00100    0.00100    0.00200    0.00004
    29    0.68750    9.47270    0.00100    0.00100    0.00200    0.00004
    30    0.71250    9.33368    0.00100    0.00100    0.00200    0.00004
    31    0.73750    9.19033    0.00100    0.00100    0.00200    0.00003
    32    0.76250    9.04273    0.00100    0.00100    0.00200    0.00003
    33    0.78750    8.89095    0.00100    0.00100    0.00200    0.00003
    34    0.81250    8.73505    0.00100    0.00100    0.00200    0.00003
    35    0.83750    8.57512    0.00100    0.00100    0.00200    0.00003
    36    0.86250    8.41121    0.00100    0.00100    0.00200    0.00003
    37    0.88750    8.24342    0.00100    0.00100    0.00200    0.00003
    38    0.91250    8.07182    0.00100    0.00100    0.00200    0.00003
    39    0.93750    7.89648    0.00100    0.00100    0.00200    0.00003
    40    0.96250    7.71749    0.00100    0.00100    0.00200    0.00003
    41    0.98750    7.53492    0.00200    0.00100    0.00300    0.00003
    42    1.00000    7.44190    0.00000    0.00200    0.00203    0.00000
