              IB =     2
              IE =    21
           IDTYP =     1
              DI =   2.50000D-01
 
             RHO =   1.00000D+03
            COND =   5.90000D-01
              CP =   4.18900D+03
            VISC =   1.00000D-03
            EMIS =   0.00000D+00 
              T0 =   2.73150D+02
           DTIME =   1.00000D+10
           KNTTM =     1
           KNTNL =   100
            CRIT =   1.00000D-05
 
          LVLGEO =     1
          LVLCOF =     1
           HCONV =   1.00000D+04
            TINF =   3.73150D+02
 
 
  XE     
   0.000E+00  2.500E-01  5.000E-01  7.500E-01  1.000E+00  1.250E+00  1.500E+00
 I->       1          2          3          4          5          6          7
   1.750E+00  2.000E+00  2.250E+00  2.500E+00  2.750E+00  3.000E+00  3.250E+00
 I->       8          9         10         11         12         13         14
   3.500E+00  3.750E+00  4.000E+00  4.250E+00  4.500E+00  4.750E+00  5.000E+00
 I->      15         16         17         18         19         20         21
   0.000E+00
 I->      22
 
  YNE    
   5.000E-03  5.000E-03  5.000E-03  5.000E-03  5.000E-03  5.000E-03  5.000E-03
 I->       1          2          3          4          5          6          7
   5.000E-03  5.000E-03  5.000E-03  5.000E-03  5.000E-03  5.000E-03  5.000E-03
 I->       8          9         10         11         12         13         14
   5.000E-03  5.000E-03  5.000E-03  5.000E-03  5.000E-03  5.000E-03  5.000E-03
 I->      15         16         17         18         19         20         21
   0.000E+00
 I->      22
 
  ZUE    
   5.000E-03  5.000E-03  5.000E-03  5.000E-03  5.000E-03  5.000E-03  5.000E-03
 I->       1          2          3          4          5          6          7
   5.000E-03  5.000E-03  5.000E-03  5.000E-03  5.000E-03  5.000E-03  5.000E-03
 I->       8          9         10         11         12         13         14
   5.000E-03  5.000E-03  5.000E-03  5.000E-03  5.000E-03  5.000E-03  5.000E-03
 I->      15         16         17         18         19         20         21
   0.000E+00
 I->      22
 
  XP     
   0.000E+00  1.250E-01  3.750E-01  6.250E-01  8.750E-01  1.125E+00  1.375E+00
 I->       1          2          3          4          5          6          7
   1.625E+00  1.875E+00  2.125E+00  2.375E+00  2.625E+00  2.875E+00  3.125E+00
 I->       8          9         10         11         12         13         14
   3.375E+00  3.625E+00  3.875E+00  4.125E+00  4.375E+00  4.625E+00  4.875E+00
 I->      15         16         17         18         19         20         21
   5.000E+00
 I->      22
 
  DIEP   
   1.250E-01  2.500E-01  2.500E-01  2.500E-01  2.500E-01  2.500E-01  2.500E-01
 I->       1          2          3          4          5          6          7
   2.500E-01  2.500E-01  2.500E-01  2.500E-01  2.500E-01  2.500E-01  2.500E-01
 I->       8          9         10         11         12         13         14
   2.500E-01  2.500E-01  2.500E-01  2.500E-01  2.500E-01  2.500E-01  1.250E-01
 I->      15         16         17         18         19         20         21
 
  DISE   
   0.000E+00  1.250E-01  1.250E-01  1.250E-01  1.250E-01  1.250E-01  1.250E-01
 I->       1          2          3          4          5          6          7
   1.250E-01  1.250E-01  1.250E-01  1.250E-01  1.250E-01  1.250E-01  1.250E-01
 I->       8          9         10         11         12         13         14
   1.250E-01  1.250E-01  1.250E-01  1.250E-01  1.250E-01  1.250E-01  1.250E-01
 I->      15         16         17         18         19         20         21
 
  AREP   
   1.000E-04  1.000E-04  1.000E-04  1.000E-04  1.000E-04  1.000E-04  1.000E-04
 I->       1          2          3          4          5          6          7
   1.000E-04  1.000E-04  1.000E-04  1.000E-04  1.000E-04  1.000E-04  1.000E-04
 I->       8          9         10         11         12         13         14
   1.000E-04  1.000E-04  1.000E-04  1.000E-04  1.000E-04  1.000E-04  1.000E-04
 I->      15         16         17         18         19         20         21
   0.000E+00
 I->      22
 
  ARO    
   1.000E-02  1.000E-02  1.000E-02  1.000E-02  1.000E-02  1.000E-02  1.000E-02
 I->       2          3          4          5          6          7          8
   1.000E-02  1.000E-02  1.000E-02  1.000E-02  1.000E-02  1.000E-02  1.000E-02
 I->       9         10         11         12         13         14         15
   1.000E-02  1.000E-02  1.000E-02  1.000E-02  1.000E-02  1.000E-02
 I->      16         17         18         19         20         21
 
  VOLP   
   0.000E+00  2.500E-05  2.500E-05  2.500E-05  2.500E-05  2.500E-05  2.500E-05
 I->       1          2          3          4          5          6          7
   2.500E-05  2.500E-05  2.500E-05  2.500E-05  2.500E-05  2.500E-05  2.500E-05
 I->       8          9         10         11         12         13         14
   2.500E-05  2.500E-05  2.500E-05  2.500E-05  2.500E-05  2.500E-05  2.500E-05
 I->      15         16         17         18         19         20         21
   0.000E+00
 I->      22
 
 T(init)D
   2.731E+02  2.731E+02  2.731E+02  2.731E+02  2.731E+02  2.731E+02  2.731E+02
 I->       1          2          3          4          5          6          7
   2.731E+02  2.731E+02  2.731E+02  2.731E+02  2.731E+02  2.731E+02  2.731E+02
 I->       8          9         10         11         12         13         14
   2.731E+02  2.731E+02  2.731E+02  2.731E+02  2.731E+02  2.731E+02  2.731E+02
 I->      15         16         17         18         19         20         21
   2.731E+02
 I->      22
 
  DE     
   1.127E-07  5.634E-08  5.634E-08  5.634E-08  5.634E-08  5.634E-08  5.634E-08
 I->       1          2          3          4          5          6          7
   5.634E-08  5.634E-08  5.634E-08  5.634E-08  5.634E-08  5.634E-08  5.634E-08
 I->       8          9         10         11         12         13         14
   5.634E-08  5.634E-08  5.634E-08  5.634E-08  5.634E-08  5.634E-08  1.127E-07
 I->      15         16         17         18         19         20         21
 
  ATW    
   0.000E+00  1.500E-01  1.500E-01  1.500E-01  1.500E-01  1.500E-01  1.500E-01
 I->       1          2          3          4          5          6          7
   1.500E-01  1.500E-01  1.500E-01  1.500E-01  1.500E-01  1.500E-01  1.500E-01
 I->       8          9         10         11         12         13         14
   1.500E-01  1.500E-01  1.500E-01  1.500E-01  1.500E-01  1.500E-01  1.500E-01
 I->      15         16         17         18         19         20         21
   1.000E+00
 I->      22
 
  ATP    
   1.000E+00  1.739E-01  1.739E-01  1.739E-01  1.739E-01  1.739E-01  1.739E-01
 I->       1          2          3          4          5          6          7
   1.739E-01  1.739E-01  1.739E-01  1.739E-01  1.739E-01  1.739E-01  1.739E-01
 I->       8          9         10         11         12         13         14
   1.739E-01  1.739E-01  1.739E-01  1.739E-01  1.739E-01  1.739E-01  2.387E-02
 I->      15         16         17         18         19         20         21
   1.000E+00
 I->      22
 
  ATE    
   0.000E+00  5.634E-08  5.634E-08  5.634E-08  5.634E-08  5.634E-08  5.634E-08
 I->       1          2          3          4          5          6          7
   5.634E-08  5.634E-08  5.634E-08  5.634E-08  5.634E-08  5.634E-08  5.634E-08
 I->       8          9         10         11         12         13         14
   5.634E-08  5.634E-08  5.634E-08  5.634E-08  5.634E-08  5.634E-08 -1.500E-01
 I->      15         16         17         18         19         20         21
   0.000E+00
 I->      22
 
  BT     
   2.731E+02  8.908E+00  8.908E+00  8.908E+00  8.908E+00  8.908E+00  8.908E+00
 I->       1          2          3          4          5          6          7
   8.908E+00  8.908E+00  8.908E+00  8.908E+00  8.908E+00  8.908E+00  8.908E+00
 I->       8          9         10         11         12         13         14
   8.908E+00  8.908E+00  8.908E+00  8.908E+00  8.908E+00  8.908E+00  8.908E+00
 I->      15         16         17         18         19         20         21
   0.000E+00
 I->      22
 
  T      
   2.731E+02  2.869E+02  2.987E+02  3.089E+02  3.178E+02  3.254E+02  3.319E+02
 I->       1          2          3          4          5          6          7
   3.376E+02  3.425E+02  3.467E+02  3.503E+02  3.534E+02  3.562E+02  3.585E+02
 I->       8          9         10         11         12         13         14
   3.605E+02  3.622E+02  3.637E+02  3.650E+02  3.661E+02  3.671E+02  3.679E+02
 I->      15         16         17         18         19         20         21
   3.679E+02
 I->      22
 
  DE     
   1.127E-07  5.634E-08  5.634E-08  5.634E-08  5.634E-08  5.634E-08  5.634E-08
 I->       1          2          3          4          5          6          7
   5.634E-08  5.634E-08  5.634E-08  5.634E-08  5.634E-08  5.634E-08  5.634E-08
 I->       8          9         10         11         12         13         14
   5.634E-08  5.634E-08  5.634E-08  5.634E-08  5.634E-08  5.634E-08  1.127E-07
 I->      15         16         17         18         19         20         21
 
  ATW    
   0.000E+00  1.500E-01  1.500E-01  1.500E-01  1.500E-01  1.500E-01  1.500E-01
 I->       1          2          3          4          5          6          7
   1.500E-01  1.500E-01  1.500E-01  1.500E-01  1.500E-01  1.500E-01  1.500E-01
 I->       8          9         10         11         12         13         14
   1.500E-01  1.500E-01  1.500E-01  1.500E-01  1.500E-01  1.500E-01  1.500E-01
 I->      15         16         17         18         19         20         21
   1.000E+00
 I->      22
 
  ATP    
   1.000E+00  1.739E-01  1.739E-01  1.739E-01  1.739E-01  1.739E-01  1.739E-01
 I->       1          2          3          4          5          6          7
   1.739E-01  1.739E-01  1.739E-01  1.739E-01  1.739E-01  1.739E-01  1.739E-01
 I->       8          9         10         11         12         13         14
   1.739E-01  1.739E-01  1.739E-01  1.739E-01  1.739E-01  1.739E-01  2.387E-02
 I->      15         16         17         18         19         20         21
   1.000E+00
 I->      22
 
  ATE    
   0.000E+00  5.634E-08  5.634E-08  5.634E-08  5.634E-08  5.634E-08  5.634E-08
 I->       1          2          3          4          5          6          7
   5.634E-08  5.634E-08  5.634E-08  5.634E-08  5.634E-08  5.634E-08  5.634E-08
 I->       8          9         10         11         12         13         14
   5.634E-08  5.634E-08  5.634E-08  5.634E-08  5.634E-08  5.634E-08 -1.500E-01
 I->      15         16         17         18         19         20         21
   0.000E+00
 I->      22
 
  BT     
   2.731E+02  7.629E+00  9.390E+00  9.017E+00  9.002E+00  8.989E+00  8.978E+00
 I->       1          2          3          4          5          6          7
   8.968E+00  8.960E+00  8.953E+00  8.947E+00  8.941E+00  8.937E+00  8.933E+00
 I->       8          9         10         11         12         13         14
   8.929E+00  8.926E+00  8.924E+00  8.922E+00  8.920E+00  8.918E+00  8.973E+00
 I->      15         16         17         18         19         20         21
   0.000E+00
 I->      22
 
  T      
   2.731E+02  2.795E+02  2.952E+02  3.065E+02  3.162E+02  3.245E+02  3.316E+02
 I->       1          2          3          4          5          6          7
   3.376E+02  3.428E+02  3.472E+02  3.510E+02  3.542E+02  3.570E+02  3.594E+02
 I->       8          9         10         11         12         13         14
   3.614E+02  3.631E+02  3.646E+02  3.658E+02  3.669E+02  3.678E+02  3.689E+02
 I->      15         16         17         18         19         20         21
   3.689E+02
 I->      22
 
  DE     
   1.127E-07  5.634E-08  5.634E-08  5.634E-08  5.634E-08  5.634E-08  5.634E-08
 I->       1          2          3          4          5          6          7
   5.634E-08  5.634E-08  5.634E-08  5.634E-08  5.634E-08  5.634E-08  5.634E-08
 I->       8          9         10         11         12         13         14
   5.634E-08  5.634E-08  5.634E-08  5.634E-08  5.634E-08  5.634E-08  1.127E-07
 I->      15         16         17         18         19         20         21
 
  ATW    
   0.000E+00  1.500E-01  1.500E-01  1.500E-01  1.500E-01  1.500E-01  1.500E-01
 I->       1          2          3          4          5          6          7
   1.500E-01  1.500E-01  1.500E-01  1.500E-01  1.500E-01  1.500E-01  1.500E-01
 I->       8          9         10         11         12         13         14
   1.500E-01  1.500E-01  1.500E-01  1.500E-01  1.500E-01  1.500E-01  1.500E-01
 I->      15         16         17         18         19         20         21
   1.000E+00
 I->      22
 
  ATP    
   1.000E+00  1.739E-01  1.739E-01  1.739E-01  1.739E-01  1.739E-01  1.739E-01
 I->       1          2          3          4          5          6          7
   1.739E-01  1.739E-01  1.739E-01  1.739E-01  1.739E-01  1.739E-01  1.739E-01
 I->       8          9         10         11         12         13         14
   1.739E-01  1.739E-01  1.739E-01  1.739E-01  1.739E-01  1.739E-01  2.387E-02
 I->      15         16         17         18         19         20         21
   1.000E+00
 I->      22
 
  ATE    
   0.000E+00  5.634E-08  5.634E-08  5.634E-08  5.634E-08  5.634E-08  5.634E-08
 I->       1          2          3          4          5          6          7
   5.634E-08  5.634E-08  5.634E-08  5.634E-08  5.634E-08  5.634E-08  5.634E-08
 I->       8          9         10         11         12         13         14
   5.634E-08  5.634E-08  5.634E-08  5.634E-08  5.634E-08  5.634E-08 -1.500E-01
 I->      15         16         17         18         19         20         21
   0.000E+00
 I->      22
 
  BT     
   2.731E+02  7.808E+00  9.077E+00  9.081E+00  9.018E+00  9.002E+00  8.988E+00
 I->       1          2          3          4          5          6          7
   8.977E+00  8.967E+00  8.958E+00  8.951E+00  8.945E+00  8.939E+00  8.935E+00
 I->       8          9         10         11         12         13         14
   8.931E+00  8.927E+00  8.925E+00  8.922E+00  8.920E+00  8.900E+00  8.987E+00
 I->      15         16         17         18         19         20         21
   0.000E+00
 I->      22
 
  T      
   2.731E+02  2.806E+02  2.942E+02  3.061E+02  3.159E+02  3.243E+02  3.315E+02
 I->       1          2          3          4          5          6          7
   3.376E+02  3.428E+02  3.473E+02  3.511E+02  3.543E+02  3.571E+02  3.594E+02
 I->       8          9         10         11         12         13         14
   3.615E+02  3.632E+02  3.646E+02  3.659E+02  3.670E+02  3.678E+02  3.690E+02
 I->      15         16         17         18         19         20         21
   3.690E+02
 I->      22
 
  DE     
   1.127E-07  5.634E-08  5.634E-08  5.634E-08  5.634E-08  5.634E-08  5.634E-08
 I->       1          2          3          4          5          6          7
   5.634E-08  5.634E-08  5.634E-08  5.634E-08  5.634E-08  5.634E-08  5.634E-08
 I->       8          9         10         11         12         13         14
   5.634E-08  5.634E-08  5.634E-08  5.634E-08  5.634E-08  5.634E-08  1.127E-07
 I->      15         16         17         18         19         20         21
 
  ATW    
   0.000E+00  1.500E-01  1.500E-01  1.500E-01  1.500E-01  1.500E-01  1.500E-01
 I->       1          2          3          4          5          6          7
   1.500E-01  1.500E-01  1.500E-01  1.500E-01  1.500E-01  1.500E-01  1.500E-01
 I->       8          9         10         11         12         13         14
   1.500E-01  1.500E-01  1.500E-01  1.500E-01  1.500E-01  1.500E-01  1.500E-01
 I->      15         16         17         18         19         20         21
   1.000E+00
 I->      22
 
  ATP    
   1.000E+00  1.739E-01  1.739E-01  1.739E-01  1.739E-01  1.739E-01  1.739E-01
 I->       1          2          3          4          5          6          7
   1.739E-01  1.739E-01  1.739E-01  1.739E-01  1.739E-01  1.739E-01  1.739E-01
 I->       8          9         10         11         12         13         14
   1.739E-01  1.739E-01  1.739E-01  1.739E-01  1.739E-01  1.739E-01  2.387E-02
 I->      15         16         17         18         19         20         21
   1.000E+00
 I->      22
 
  ATE    
   0.000E+00  5.634E-08  5.634E-08  5.634E-08  5.634E-08  5.634E-08  5.634E-08
 I->       1          2          3          4          5          6          7
   5.634E-08  5.634E-08  5.634E-08  5.634E-08  5.634E-08  5.634E-08  5.634E-08
 I->       8          9         10         11         12         13         14
   5.634E-08  5.634E-08  5.634E-08  5.634E-08  5.634E-08  5.634E-08 -1.500E-01
 I->      15         16         17         18         19         20         21
   0.000E+00
 I->      22
 
  BT     
   2.731E+02  7.853E+00  9.040E+00  9.054E+00  9.026E+00  9.004E+00  8.990E+00
 I->       1          2          3          4          5          6          7
   8.978E+00  8.968E+00  8.959E+00  8.951E+00  8.945E+00  8.940E+00  8.935E+00
 I->       8          9         10         11         12         13         14
   8.931E+00  8.928E+00  8.925E+00  8.922E+00  8.926E+00  8.891E+00  8.990E+00
 I->      15         16         17         18         19         20         21
   0.000E+00
 I->      22
 
  T      
   2.731E+02  2.808E+02  2.943E+02  3.059E+02  3.158E+02  3.243E+02  3.314E+02
 I->       1          2          3          4          5          6          7
   3.376E+02  3.428E+02  3.473E+02  3.511E+02  3.543E+02  3.571E+02  3.594E+02
 I->       8          9         10         11         12         13         14
   3.615E+02  3.632E+02  3.646E+02  3.659E+02  3.670E+02  3.677E+02  3.690E+02
 I->      15         16         17         18         19         20         21
   3.690E+02
 I->      22
 
  DE     
   1.127E-07  5.634E-08  5.634E-08  5.634E-08  5.634E-08  5.634E-08  5.634E-08
 I->       1          2          3          4          5          6          7
   5.634E-08  5.634E-08  5.634E-08  5.634E-08  5.634E-08  5.634E-08  5.634E-08
 I->       8          9         10         11         12         13         14
   5.634E-08  5.634E-08  5.634E-08  5.634E-08  5.634E-08  5.634E-08  1.127E-07
 I->      15         16         17         18         19         20         21
 
  ATW    
   0.000E+00  1.500E-01  1.500E-01  1.500E-01  1.500E-01  1.500E-01  1.500E-01
 I->       1          2          3          4          5          6          7
   1.500E-01  1.500E-01  1.500E-01  1.500E-01  1.500E-01  1.500E-01  1.500E-01
 I->       8          9         10         11         12         13         14
   1.500E-01  1.500E-01  1.500E-01  1.500E-01  1.500E-01  1.500E-01  1.500E-01
 I->      15         16         17         18         19         20         21
   1.000E+00
 I->      22
 
  ATP    
   1.000E+00  1.739E-01  1.739E-01  1.739E-01  1.739E-01  1.739E-01  1.739E-01
 I->       1          2          3          4          5          6          7
   1.739E-01  1.739E-01  1.739E-01  1.739E-01  1.739E-01  1.739E-01  1.739E-01
 I->       8          9         10         11         12         13         14
   1.739E-01  1.739E-01  1.739E-01  1.739E-01  1.739E-01  1.739E-01  2.387E-02
 I->      15         16         17         18         19         20         21
   1.000E+00
 I->      22
 
  ATE    
   0.000E+00  5.634E-08  5.634E-08  5.634E-08  5.634E-08  5.634E-08  5.634E-08
 I->       1          2          3          4          5          6          7
   5.634E-08  5.634E-08  5.634E-08  5.634E-08  5.634E-08  5.634E-08  5.634E-08
 I->       8          9         10         11         12         13         14
   5.634E-08  5.634E-08  5.634E-08  5.634E-08  5.634E-08  5.634E-08 -1.500E-01
 I->      15         16         17         18         19         20         21
   0.000E+00
 I->      22
 
  BT     
   2.731E+02  7.853E+00  9.054E+00  9.040E+00  9.025E+00  9.005E+00  8.990E+00
 I->       1          2          3          4          5          6          7
   8.978E+00  8.968E+00  8.959E+00  8.952E+00  8.945E+00  8.940E+00  8.935E+00
 I->       8          9         10         11         12         13         14
   8.931E+00  8.928E+00  8.925E+00  8.920E+00  8.931E+00  8.888E+00  8.990E+00
 I->      15         16         17         18         19         20         21
   0.000E+00
 I->      22
 
  T      
   2.731E+02  2.808E+02  2.943E+02  3.059E+02  3.158E+02  3.242E+02  3.314E+02
 I->       1          2          3          4          5          6          7
   3.376E+02  3.428E+02  3.473E+02  3.511E+02  3.543E+02  3.571E+02  3.594E+02
 I->       8          9         10         11         12         13         14
   3.615E+02  3.632E+02  3.646E+02  3.659E+02  3.670E+02  3.677E+02  3.690E+02
 I->      15         16         17         18         19         20         21
   3.690E+02
 I->      22
 
  DE     
   1.127E-07  5.634E-08  5.634E-08  5.634E-08  5.634E-08  5.634E-08  5.634E-08
 I->       1          2          3          4          5          6          7
   5.634E-08  5.634E-08  5.634E-08  5.634E-08  5.634E-08  5.634E-08  5.634E-08
 I->       8          9         10         11         12         13         14
   5.634E-08  5.634E-08  5.634E-08  5.634E-08  5.634E-08  5.634E-08  1.127E-07
 I->      15         16         17         18         19         20         21
 
  ATW    
   0.000E+00  1.500E-01  1.500E-01  1.500E-01  1.500E-01  1.500E-01  1.500E-01
 I->       1          2          3          4          5          6          7
   1.500E-01  1.500E-01  1.500E-01  1.500E-01  1.500E-01  1.500E-01  1.500E-01
 I->       8          9         10         11         12         13         14
   1.500E-01  1.500E-01  1.500E-01  1.500E-01  1.500E-01  1.500E-01  1.500E-01
 I->      15         16         17         18         19         20         21
   1.000E+00
 I->      22
 
  ATP    
   1.000E+00  1.739E-01  1.739E-01  1.739E-01  1.739E-01  1.739E-01  1.739E-01
 I->       1          2          3          4          5          6          7
   1.739E-01  1.739E-01  1.739E-01  1.739E-01  1.739E-01  1.739E-01  1.739E-01
 I->       8          9         10         11         12         13         14
   1.739E-01  1.739E-01  1.739E-01  1.739E-01  1.739E-01  1.739E-01  2.387E-02
 I->      15         16         17         18         19         20         21
   1.000E+00
 I->      22
 
  ATE    
   0.000E+00  5.634E-08  5.634E-08  5.634E-08  5.634E-08  5.634E-08  5.634E-08
 I->       1          2          3          4          5          6          7
   5.634E-08  5.634E-08  5.634E-08  5.634E-08  5.634E-08  5.634E-08  5.634E-08
 I->       8          9         10         11         12         13         14
   5.634E-08  5.634E-08  5.634E-08  5.634E-08  5.634E-08  5.634E-08 -1.500E-01
 I->      15         16         17         18         19         20         21
   0.000E+00
 I->      22
 
  BT     
   2.731E+02  7.849E+00  9.062E+00  9.039E+00  9.022E+00  9.005E+00  8.991E+00
 I->       1          2          3          4          5          6          7
   8.978E+00  8.968E+00  8.959E+00  8.952E+00  8.945E+00  8.940E+00  8.935E+00
 I->       8          9         10         11         12         13         14
   8.931E+00  8.928E+00  8.925E+00  8.918E+00  8.932E+00  8.888E+00  8.990E+00
 I->      15         16         17         18         19         20         21
   0.000E+00
 I->      22
 
  T      
   2.731E+02  2.808E+02  2.944E+02  3.059E+02  3.158E+02  3.242E+02  3.314E+02
 I->       1          2          3          4          5          6          7
   3.376E+02  3.428E+02  3.473E+02  3.511E+02  3.543E+02  3.571E+02  3.594E+02
 I->       8          9         10         11         12         13         14
   3.615E+02  3.632E+02  3.646E+02  3.659E+02  3.670E+02  3.677E+02  3.690E+02
 I->      15         16         17         18         19         20         21
   3.690E+02
 I->      22
 
  DE     
   1.127E-07  5.634E-08  5.634E-08  5.634E-08  5.634E-08  5.634E-08  5.634E-08
 I->       1          2          3          4          5          6          7
   5.634E-08  5.634E-08  5.634E-08  5.634E-08  5.634E-08  5.634E-08  5.634E-08
 I->       8          9         10         11         12         13         14
   5.634E-08  5.634E-08  5.634E-08  5.634E-08  5.634E-08  5.634E-08  1.127E-07
 I->      15         16         17         18         19         20         21
 
  ATW    
   0.000E+00  1.500E-01  1.500E-01  1.500E-01  1.500E-01  1.500E-01  1.500E-01
 I->       1          2          3          4          5          6          7
   1.500E-01  1.500E-01  1.500E-01  1.500E-01  1.500E-01  1.500E-01  1.500E-01
 I->       8          9         10         11         12         13         14
   1.500E-01  1.500E-01  1.500E-01  1.500E-01  1.500E-01  1.500E-01  1.500E-01
 I->      15         16         17         18         19         20         21
   1.000E+00
 I->      22
 
  ATP    
   1.000E+00  1.739E-01  1.739E-01  1.739E-01  1.739E-01  1.739E-01  1.739E-01
 I->       1          2          3          4          5          6          7
   1.739E-01  1.739E-01  1.739E-01  1.739E-01  1.739E-01  1.739E-01  1.739E-01
 I->       8          9         10         11         12         13         14
   1.739E-01  1.739E-01  1.739E-01  1.739E-01  1.739E-01  1.739E-01  2.387E-02
 I->      15         16         17         18         19         20         21
   1.000E+00
 I->      22
 
  ATE    
   0.000E+00  5.634E-08  5.634E-08  5.634E-08  5.634E-08  5.634E-08  5.634E-08
 I->       1          2          3          4          5          6          7
   5.634E-08  5.634E-08  5.634E-08  5.634E-08  5.634E-08  5.634E-08  5.634E-08
 I->       8          9         10         11         12         13         14
   5.634E-08  5.634E-08  5.634E-08  5.634E-08  5.634E-08  5.634E-08 -1.500E-01
 I->      15         16         17         18         19         20         21
   0.000E+00
 I->      22
 
  BT     
   2.731E+02  7.848E+00  9.063E+00  9.040E+00  9.021E+00  9.005E+00  8.991E+00
 I->       1          2          3          4          5          6          7
   8.978E+00  8.968E+00  8.959E+00  8.952E+00  8.945E+00  8.940E+00  8.935E+00
 I->       8          9         10         11         12         13         14
   8.931E+00  8.927E+00  8.926E+00  8.917E+00  8.933E+00  8.888E+00  8.990E+00
 I->      15         16         17         18         19         20         21
   0.000E+00
 I->      22
 
  T      
   2.731E+02  2.808E+02  2.944E+02  3.059E+02  3.158E+02  3.242E+02  3.314E+02
 I->       1          2          3          4          5          6          7
   3.376E+02  3.428E+02  3.473E+02  3.511E+02  3.543E+02  3.571E+02  3.594E+02
 I->       8          9         10         11         12         13         14
   3.615E+02  3.632E+02  3.647E+02  3.659E+02  3.670E+02  3.677E+02  3.690E+02
 I->      15         16         17         18         19         20         21
   3.690E+02
 I->      22
 
  DE     
   1.127E-07  5.634E-08  5.634E-08  5.634E-08  5.634E-08  5.634E-08  5.634E-08
 I->       1          2          3          4          5          6          7
   5.634E-08  5.634E-08  5.634E-08  5.634E-08  5.634E-08  5.634E-08  5.634E-08
 I->       8          9         10         11         12         13         14
   5.634E-08  5.634E-08  5.634E-08  5.634E-08  5.634E-08  5.634E-08  1.127E-07
 I->      15         16         17         18         19         20         21
 
  ATW    
   0.000E+00  1.500E-01  1.500E-01  1.500E-01  1.500E-01  1.500E-01  1.500E-01
 I->       1          2          3          4          5          6          7
   1.500E-01  1.500E-01  1.500E-01  1.500E-01  1.500E-01  1.500E-01  1.500E-01
 I->       8          9         10         11         12         13         14
   1.500E-01  1.500E-01  1.500E-01  1.500E-01  1.500E-01  1.500E-01  1.500E-01
 I->      15         16         17         18         19         20         21
   1.000E+00
 I->      22
 
  ATP    
   1.000E+00  1.739E-01  1.739E-01  1.739E-01  1.739E-01  1.739E-01  1.739E-01
 I->       1          2          3          4          5          6          7
   1.739E-01  1.739E-01  1.739E-01  1.739E-01  1.739E-01  1.739E-01  1.739E-01
 I->       8          9         10         11         12         13         14
   1.739E-01  1.739E-01  1.739E-01  1.739E-01  1.739E-01  1.739E-01  2.387E-02
 I->      15         16         17         18         19         20         21
   1.000E+00
 I->      22
 
  ATE    
   0.000E+00  5.634E-08  5.634E-08  5.634E-08  5.634E-08  5.634E-08  5.634E-08
 I->       1          2          3          4          5          6          7
   5.634E-08  5.634E-08  5.634E-08  5.634E-08  5.634E-08  5.634E-08  5.634E-08
 I->       8          9         10         11         12         13         14
   5.634E-08  5.634E-08  5.634E-08  5.634E-08  5.634E-08  5.634E-08 -1.500E-01
 I->      15         16         17         18         19         20         21
   0.000E+00
 I->      22
 
  BT     
   2.731E+02  7.848E+00  9.062E+00  9.041E+00  9.021E+00  9.005E+00  8.991E+00
 I->       1          2          3          4          5          6          7
   8.978E+00  8.968E+00  8.959E+00  8.952E+00  8.945E+00  8.940E+00  8.935E+00
 I->       8          9         10         11         12         13         14
   8.931E+00  8.927E+00  8.927E+00  8.917E+00  8.933E+00  8.888E+00  8.990E+00
 I->      15         16         17         18         19         20         21
   0.000E+00
 I->      22
 
  T      
   2.731E+02  2.808E+02  2.944E+02  3.059E+02  3.158E+02  3.242E+02  3.314E+02
 I->       1          2          3          4          5          6          7
   3.376E+02  3.428E+02  3.473E+02  3.511E+02  3.543E+02  3.571E+02  3.594E+02
 I->       8          9         10         11         12         13         14
   3.615E+02  3.632E+02  3.647E+02  3.659E+02  3.670E+02  3.677E+02  3.690E+02
 I->      15         16         17         18         19         20         21
   3.690E+02
 I->      22
 
  DE     
   1.127E-07  5.634E-08  5.634E-08  5.634E-08  5.634E-08  5.634E-08  5.634E-08
 I->       1          2          3          4          5          6          7
   5.634E-08  5.634E-08  5.634E-08  5.634E-08  5.634E-08  5.634E-08  5.634E-08
 I->       8          9         10         11         12         13         14
   5.634E-08  5.634E-08  5.634E-08  5.634E-08  5.634E-08  5.634E-08  1.127E-07
 I->      15         16         17         18         19         20         21
 
  ATW    
   0.000E+00  1.500E-01  1.500E-01  1.500E-01  1.500E-01  1.500E-01  1.500E-01
 I->       1          2          3          4          5          6          7
   1.500E-01  1.500E-01  1.500E-01  1.500E-01  1.500E-01  1.500E-01  1.500E-01
 I->       8          9         10         11         12         13         14
   1.500E-01  1.500E-01  1.500E-01  1.500E-01  1.500E-01  1.500E-01  1.500E-01
 I->      15         16         17         18         19         20         21
   1.000E+00
 I->      22
 
  ATP    
   1.000E+00  1.739E-01  1.739E-01  1.739E-01  1.739E-01  1.739E-01  1.739E-01
 I->       1          2          3          4          5          6          7
   1.739E-01  1.739E-01  1.739E-01  1.739E-01  1.739E-01  1.739E-01  1.739E-01
 I->       8          9         10         11         12         13         14
   1.739E-01  1.739E-01  1.739E-01  1.739E-01  1.739E-01  1.739E-01  2.387E-02
 I->      15         16         17         18         19         20         21
   1.000E+00
 I->      22
 
  ATE    
   0.000E+00  5.634E-08  5.634E-08  5.634E-08  5.634E-08  5.634E-08  5.634E-08
 I->       1          2          3          4          5          6          7
   5.634E-08  5.634E-08  5.634E-08  5.634E-08  5.634E-08  5.634E-08  5.634E-08
 I->       8          9         10         11         12         13         14
   5.634E-08  5.634E-08  5.634E-08  5.634E-08  5.634E-08  5.634E-08 -1.500E-01
 I->      15         16         17         18         19         20         21
   0.000E+00
 I->      22
 
  BT     
   2.731E+02  7.848E+00  9.062E+00  9.041E+00  9.021E+00  9.005E+00  8.991E+00
 I->       1          2          3          4          5          6          7
   8.978E+00  8.968E+00  8.959E+00  8.952E+00  8.945E+00  8.940E+00  8.935E+00
 I->       8          9         10         11         12         13         14
   8.931E+00  8.927E+00  8.927E+00  8.917E+00  8.932E+00  8.888E+00  8.990E+00
 I->      15         16         17         18         19         20         21
   0.000E+00
 I->      22
 
  T      
   2.731E+02  2.808E+02  2.944E+02  3.059E+02  3.158E+02  3.242E+02  3.314E+02
 I->       1          2          3          4          5          6          7
   3.376E+02  3.428E+02  3.473E+02  3.511E+02  3.543E+02  3.571E+02  3.594E+02
 I->       8          9         10         11         12         13         14
   3.615E+02  3.632E+02  3.647E+02  3.659E+02  3.670E+02  3.677E+02  3.690E+02
 I->      15         16         17         18         19         20         21
   3.690E+02
 I->      22
 
  DE     
   1.127E-07  5.634E-08  5.634E-08  5.634E-08  5.634E-08  5.634E-08  5.634E-08
 I->       1          2          3          4          5          6          7
   5.634E-08  5.634E-08  5.634E-08  5.634E-08  5.634E-08  5.634E-08  5.634E-08
 I->       8          9         10         11         12         13         14
   5.634E-08  5.634E-08  5.634E-08  5.634E-08  5.634E-08  5.634E-08  1.127E-07
 I->      15         16         17         18         19         20         21
 
  ATW    
   0.000E+00  1.500E-01  1.500E-01  1.500E-01  1.500E-01  1.500E-01  1.500E-01
 I->       1          2          3          4          5          6          7
   1.500E-01  1.500E-01  1.500E-01  1.500E-01  1.500E-01  1.500E-01  1.500E-01
 I->       8          9         10         11         12         13         14
   1.500E-01  1.500E-01  1.500E-01  1.500E-01  1.500E-01  1.500E-01  1.500E-01
 I->      15         16         17         18         19         20         21
   1.000E+00
 I->      22
 
  ATP    
   1.000E+00  1.739E-01  1.739E-01  1.739E-01  1.739E-01  1.739E-01  1.739E-01
 I->       1          2          3          4          5          6          7
   1.739E-01  1.739E-01  1.739E-01  1.739E-01  1.739E-01  1.739E-01  1.739E-01
 I->       8          9         10         11         12         13         14
   1.739E-01  1.739E-01  1.739E-01  1.739E-01  1.739E-01  1.739E-01  2.387E-02
 I->      15         16         17         18         19         20         21
   1.000E+00
 I->      22
 
  ATE    
   0.000E+00  5.634E-08  5.634E-08  5.634E-08  5.634E-08  5.634E-08  5.634E-08
 I->       1          2          3          4          5          6          7
   5.634E-08  5.634E-08  5.634E-08  5.634E-08  5.634E-08  5.634E-08  5.634E-08
 I->       8          9         10         11         12         13         14
   5.634E-08  5.634E-08  5.634E-08  5.634E-08  5.634E-08  5.634E-08 -1.500E-01
 I->      15         16         17         18         19         20         21
   0.000E+00
 I->      22
 
  BT     
   2.731E+02  7.848E+00  9.062E+00  9.041E+00  9.021E+00  9.005E+00  8.991E+00
 I->       1          2          3          4          5          6          7
   8.978E+00  8.968E+00  8.959E+00  8.952E+00  8.945E+00  8.940E+00  8.935E+00
 I->       8          9         10         11         12         13         14
   8.931E+00  8.927E+00  8.927E+00  8.917E+00  8.932E+00  8.888E+00  8.990E+00
 I->      15         16         17         18         19         20         21
   0.000E+00
 I->      22
 
  T      
   2.731E+02  2.808E+02  2.944E+02  3.059E+02  3.158E+02  3.242E+02  3.314E+02
 I->       1          2          3          4          5          6          7
   3.376E+02  3.428E+02  3.473E+02  3.511E+02  3.543E+02  3.571E+02  3.594E+02
 I->       8          9         10         11         12         13         14
   3.615E+02  3.632E+02  3.647E+02  3.659E+02  3.670E+02  3.677E+02  3.690E+02
 I->      15         16         17         18         19         20         21
   3.690E+02
 I->      22
 
  DE     
   1.127E-07  5.634E-08  5.634E-08  5.634E-08  5.634E-08  5.634E-08  5.634E-08
 I->       1          2          3          4          5          6          7
   5.634E-08  5.634E-08  5.634E-08  5.634E-08  5.634E-08  5.634E-08  5.634E-08
 I->       8          9         10         11         12         13         14
   5.634E-08  5.634E-08  5.634E-08  5.634E-08  5.634E-08  5.634E-08  1.127E-07
 I->      15         16         17         18         19         20         21
 
  ATW    
   0.000E+00  1.500E-01  1.500E-01  1.500E-01  1.500E-01  1.500E-01  1.500E-01
 I->       1          2          3          4          5          6          7
   1.500E-01  1.500E-01  1.500E-01  1.500E-01  1.500E-01  1.500E-01  1.500E-01
 I->       8          9         10         11         12         13         14
   1.500E-01  1.500E-01  1.500E-01  1.500E-01  1.500E-01  1.500E-01  1.500E-01
 I->      15         16         17         18         19         20         21
   1.000E+00
 I->      22
 
  ATP    
   1.000E+00  1.739E-01  1.739E-01  1.739E-01  1.739E-01  1.739E-01  1.739E-01
 I->       1          2          3          4          5          6          7
   1.739E-01  1.739E-01  1.739E-01  1.739E-01  1.739E-01  1.739E-01  1.739E-01
 I->       8          9         10         11         12         13         14
   1.739E-01  1.739E-01  1.739E-01  1.739E-01  1.739E-01  1.739E-01  2.387E-02
 I->      15         16         17         18         19         20         21
   1.000E+00
 I->      22
 
  ATE    
   0.000E+00  5.634E-08  5.634E-08  5.634E-08  5.634E-08  5.634E-08  5.634E-08
 I->       1          2          3          4          5          6          7
   5.634E-08  5.634E-08  5.634E-08  5.634E-08  5.634E-08  5.634E-08  5.634E-08
 I->       8          9         10         11         12         13         14
   5.634E-08  5.634E-08  5.634E-08  5.634E-08  5.634E-08  5.634E-08 -1.500E-01
 I->      15         16         17         18         19         20         21
   0.000E+00
 I->      22
 
  BT     
   2.731E+02  7.848E+00  9.062E+00  9.041E+00  9.021E+00  9.005E+00  8.991E+00
 I->       1          2          3          4          5          6          7
   8.978E+00  8.968E+00  8.959E+00  8.952E+00  8.945E+00  8.940E+00  8.935E+00
 I->       8          9         10         11         12         13         14
   8.931E+00  8.927E+00  8.927E+00  8.917E+00  8.932E+00  8.888E+00  8.990E+00
 I->      15         16         17         18         19         20         21
   0.000E+00
 I->      22
 
  T      
   2.731E+02  2.808E+02  2.944E+02  3.059E+02  3.158E+02  3.242E+02  3.314E+02
 I->       1          2          3          4          5          6          7
   3.376E+02  3.428E+02  3.473E+02  3.511E+02  3.543E+02  3.571E+02  3.594E+02
 I->       8          9         10         11         12         13         14
   3.615E+02  3.632E+02  3.647E+02  3.659E+02  3.670E+02  3.677E+02  3.690E+02
 I->      15         16         17         18         19         20         21
   3.690E+02
 I->      22
 
  DE     
   1.127E-07  5.634E-08  5.634E-08  5.634E-08  5.634E-08  5.634E-08  5.634E-08
 I->       1          2          3          4          5          6          7
   5.634E-08  5.634E-08  5.634E-08  5.634E-08  5.634E-08  5.634E-08  5.634E-08
 I->       8          9         10         11         12         13         14
   5.634E-08  5.634E-08  5.634E-08  5.634E-08  5.634E-08  5.634E-08  1.127E-07
 I->      15         16         17         18         19         20         21
 
  ATW    
   0.000E+00  1.500E-01  1.500E-01  1.500E-01  1.500E-01  1.500E-01  1.500E-01
 I->       1          2          3          4          5          6          7
   1.500E-01  1.500E-01  1.500E-01  1.500E-01  1.500E-01  1.500E-01  1.500E-01
 I->       8          9         10         11         12         13         14
   1.500E-01  1.500E-01  1.500E-01  1.500E-01  1.500E-01  1.500E-01  1.500E-01
 I->      15         16         17         18         19         20         21
   1.000E+00
 I->      22
 
  ATP    
   1.000E+00  1.739E-01  1.739E-01  1.739E-01  1.739E-01  1.739E-01  1.739E-01
 I->       1          2          3          4          5          6          7
   1.739E-01  1.739E-01  1.739E-01  1.739E-01  1.739E-01  1.739E-01  1.739E-01
 I->       8          9         10         11         12         13         14
   1.739E-01  1.739E-01  1.739E-01  1.739E-01  1.739E-01  1.739E-01  2.387E-02
 I->      15         16         17         18         19         20         21
   1.000E+00
 I->      22
 
  ATE    
   0.000E+00  5.634E-08  5.634E-08  5.634E-08  5.634E-08  5.634E-08  5.634E-08
 I->       1          2          3          4          5          6          7
   5.634E-08  5.634E-08  5.634E-08  5.634E-08  5.634E-08  5.634E-08  5.634E-08
 I->       8          9         10         11         12         13         14
   5.634E-08  5.634E-08  5.634E-08  5.634E-08  5.634E-08  5.634E-08 -1.500E-01
 I->      15         16         17         18         19         20         21
   0.000E+00
 I->      22
 
  BT     
   2.731E+02  7.848E+00  9.062E+00  9.041E+00  9.021E+00  9.005E+00  8.991E+00
 I->       1          2          3          4          5          6          7
   8.978E+00  8.968E+00  8.959E+00  8.952E+00  8.945E+00  8.940E+00  8.935E+00
 I->       8          9         10         11         12         13         14
   8.931E+00  8.927E+00  8.927E+00  8.917E+00  8.932E+00  8.888E+00  8.990E+00
 I->      15         16         17         18         19         20         21
   0.000E+00
 I->      22
 
  T      
   2.731E+02  2.808E+02  2.944E+02  3.059E+02  3.158E+02  3.242E+02  3.314E+02
 I->       1          2          3          4          5          6          7
   3.376E+02  3.428E+02  3.473E+02  3.511E+02  3.543E+02  3.571E+02  3.594E+02
 I->       8          9         10         11         12         13         14
   3.615E+02  3.632E+02  3.647E+02  3.659E+02  3.670E+02  3.677E+02  3.690E+02
 I->      15         16         17         18         19         20         21
   3.690E+02
 I->      22
 
  DE     
   1.127E-07  5.634E-08  5.634E-08  5.634E-08  5.634E-08  5.634E-08  5.634E-08
 I->       1          2          3          4          5          6          7
   5.634E-08  5.634E-08  5.634E-08  5.634E-08  5.634E-08  5.634E-08  5.634E-08
 I->       8          9         10         11         12         13         14
   5.634E-08  5.634E-08  5.634E-08  5.634E-08  5.634E-08  5.634E-08  1.127E-07
 I->      15         16         17         18         19         20         21
 
  ATW    
   0.000E+00  1.500E-01  1.500E-01  1.500E-01  1.500E-01  1.500E-01  1.500E-01
 I->       1          2          3          4          5          6          7
   1.500E-01  1.500E-01  1.500E-01  1.500E-01  1.500E-01  1.500E-01  1.500E-01
 I->       8          9         10         11         12         13         14
   1.500E-01  1.500E-01  1.500E-01  1.500E-01  1.500E-01  1.500E-01  1.500E-01
 I->      15         16         17         18         19         20         21
   1.000E+00
 I->      22
 
  ATP    
   1.000E+00  1.739E-01  1.739E-01  1.739E-01  1.739E-01  1.739E-01  1.739E-01
 I->       1          2          3          4          5          6          7
   1.739E-01  1.739E-01  1.739E-01  1.739E-01  1.739E-01  1.739E-01  1.739E-01
 I->       8          9         10         11         12         13         14
   1.739E-01  1.739E-01  1.739E-01  1.739E-01  1.739E-01  1.739E-01  2.387E-02
 I->      15         16         17         18         19         20         21
   1.000E+00
 I->      22
 
  ATE    
   0.000E+00  5.634E-08  5.634E-08  5.634E-08  5.634E-08  5.634E-08  5.634E-08
 I->       1          2          3          4          5          6          7
   5.634E-08  5.634E-08  5.634E-08  5.634E-08  5.634E-08  5.634E-08  5.634E-08
 I->       8          9         10         11         12         13         14
   5.634E-08  5.634E-08  5.634E-08  5.634E-08  5.634E-08  5.634E-08 -1.500E-01
 I->      15         16         17         18         19         20         21
   0.000E+00
 I->      22
 
  BT     
   2.731E+02  7.848E+00  9.062E+00  9.041E+00  9.021E+00  9.005E+00  8.991E+00
 I->       1          2          3          4          5          6          7
   8.978E+00  8.968E+00  8.959E+00  8.952E+00  8.945E+00  8.940E+00  8.935E+00
 I->       8          9         10         11         12         13         14
   8.931E+00  8.927E+00  8.927E+00  8.917E+00  8.932E+00  8.888E+00  8.990E+00
 I->      15         16         17         18         19         20         21
   0.000E+00
 I->      22
