 # I XP T DE ATW ATP BT
     1    0.00000   80.00205    0.00200    0.00000    0.00000    0.00000
     2    0.01250   79.99743    0.00100    0.00000    0.00000    0.00000
     3    0.03750   79.96043    0.00100   -0.00000    0.00000    0.00000
     4    0.06250   79.88644    0.00100    0.00000    0.00000    0.00000
     5    0.08750   79.77549    0.00100    0.00000    0.00000    0.00000
     6    0.11250   79.62765    0.00100    0.00000    0.00000    0.00000
     7    0.13750   79.44298    0.00100    0.00000    0.00000    0.00000
     8    0.16250   79.22156    0.00100    0.00000    0.00000    0.00000
     9    0.18750   78.96349    0.00100        NaN    0.00000    0.00000
    10    0.21250   78.66890    0.00100    0.00000    0.00000    0.00000
    11    0.23750   78.33792    0.00100    0.00000    0.00000    0.00000
    12    0.26250   77.97071    0.00100    0.00000    0.00000    0.00000
    13    0.28750   77.56743    0.00100    0.00000    0.00000    0.00000
    14    0.31250   77.12827    0.00100    0.00000    0.00000    0.00000
    15    0.33750   76.65343    0.00100   -0.00000    0.00000    0.00000
    16    0.36250   76.14314    0.00100    0.00000    0.00000    0.00000
    17    0.38750   75.59763    0.00100    0.00000    0.00000    0.00000
    18    0.41250   75.01715    0.00100    0.00000    0.00000    0.00000
    19    0.43750   74.40198    0.00100   -0.00000    0.00000   -0.00000
    20    0.46250   73.75238    0.00100    0.00000    0.00000    0.00000
    21    0.48750   73.06867    0.00100    0.00000    0.00000   -0.00003
    22    0.51250   72.35116    0.00100    0.00000    0.00000    0.00000
    23    0.53750   71.60019    0.00100        NaN    0.00000    0.00000
    24    0.56250   70.81609    0.00100    0.00000    0.00000    0.00000
    25    0.58750   69.99925    0.00100   -0.00000    0.00000    0.00000
    26    0.61250   69.15002    0.00100    0.00000    0.00000    0.00000
    27    0.63750   68.26881    0.00100   -0.00000    0.00000    0.00000
    28    0.66250   67.35602    0.00100    0.00000    0.00000    0.00000
    29    0.68750   66.41207    0.00100    0.00000    0.00000    0.00000
    30    0.71250   65.43741    0.00100    0.00000    0.00000    0.00000
    31    0.73750   64.43247    0.00100    0.00000    0.00000   -0.00000
    32    0.76250   63.39773    0.00100    0.00000    0.00000    0.00000
    33    0.78750   62.33367    0.00100    0.00000    0.00000   -0.00003
    34    0.81250   61.24078    0.00100    0.00000    0.00000    0.00000
    35    0.83750   60.11955    0.00100    0.00000    0.00000    0.00000
    36    0.86250   58.97052    0.00100    0.00000    0.00000    0.00000
    37    0.88750   57.79421    0.00100    0.00000    0.00000    0.00000
    38    0.91250   56.59117    0.00100    0.00000    0.00000    0.00000
    39    0.93750   55.36195    0.00100 **********    0.00000    0.00000
    40    0.96250   54.10713    0.00100    0.00000    0.00000    0.00000
    41    0.98750   52.82727    0.00200    0.00000    0.00000    0.00000
    42    1.00000   52.17814    0.00000    0.00000    0.00000    0.00000
     1    0.00000   63.49463    0.00200    0.00000    1.00000    0.00000
     2    0.01250   63.49463    0.00100    0.00200    0.00300    0.00014
     3    0.03750   63.46527    0.00100    0.00100    0.00200    0.00014
     4    0.06250   63.40653    0.00100    0.00100    0.00200    0.00014
     5    0.08750   63.31848    0.00100    0.00100    0.00200    0.00014
     6    0.11250   63.20113    0.00100    0.00100    0.00200    0.00014
     7    0.13750   63.05455    0.00100    0.00100    0.00200    0.00014
     8    0.16250   62.87879    0.00100    0.00100    0.00200    0.00014
     9    0.18750   62.67393    0.00100    0.00100    0.00200    0.00014
    10    0.21250   62.44009    0.00100    0.00100    0.00200    0.00014
    11    0.23750   62.17736    0.00100    0.00100    0.00200    0.00014
    12    0.26250   61.88588    0.00100    0.00100    0.00200    0.00014
    13    0.28750   61.56577    0.00100    0.00100    0.00200    0.00014
    14    0.31250   61.21717    0.00100    0.00100    0.00200    0.00014
    15    0.33750   60.84026    0.00100    0.00100    0.00200    0.00014
    16    0.36250   60.43521    0.00100    0.00100    0.00200    0.00014
    17    0.38750   60.00221    0.00100    0.00100    0.00200    0.00013
    18    0.41250   59.54145    0.00100    0.00100    0.00200    0.00013
    19    0.43750   59.05314    0.00100    0.00100    0.00200    0.00013
    20    0.46250   58.53752    0.00100    0.00100    0.00200    0.00013
    21    0.48750   57.99483    0.00100    0.00100    0.00200    0.00013
    22    0.51250   57.42531    0.00100    0.00100    0.00200    0.00013
    23    0.53750   56.82923    0.00100    0.00100    0.00200    0.00013
    24    0.56250   56.20686    0.00100    0.00100    0.00200    0.00013
    25    0.58750   55.55851    0.00100    0.00100    0.00200    0.00012
    26    0.61250   54.88445    0.00100    0.00100    0.00200    0.00012
    27    0.63750   54.18500    0.00100    0.00100    0.00200    0.00012
    28    0.66250   53.46048    0.00100    0.00100    0.00200    0.00012
    29    0.68750   52.71124    0.00100    0.00100    0.00200    0.00012
    30    0.71250   51.93761    0.00100    0.00100    0.00200    0.00012
    31    0.73750   51.13995    0.00100    0.00100    0.00200    0.00011
    32    0.76250   50.31864    0.00100    0.00100    0.00200    0.00011
    33    0.78750   49.47405    0.00100    0.00100    0.00200    0.00011
    34    0.81250   48.60658    0.00100    0.00100    0.00200    0.00011
    35    0.83750   47.71662    0.00100    0.00100    0.00200    0.00011
    36    0.86250   46.80458    0.00100    0.00100    0.00200    0.00010
    37    0.88750   45.87090    0.00100    0.00100    0.00200    0.00010
    38    0.91250   44.91599    0.00100    0.00100    0.00200    0.00010
    39    0.93750   43.94031    0.00100    0.00100    0.00200    0.00010
    40    0.96250   42.94430    0.00100    0.00100    0.00200    0.00010
    41    0.98750   41.92842    0.00200    0.00100    0.00300    0.00009
    42    1.00000   41.41079    0.00000    0.00200    0.00203    0.00000
     1    0.00000   50.39597    0.00200    0.00000    1.00000    0.00000
     2    0.01250   50.39597    0.00100    0.00200    0.00300    0.00011
     3    0.03750   50.37266    0.00100    0.00100    0.00200    0.00011
     4    0.06250   50.32604    0.00100    0.00100    0.00200    0.00011
     5    0.08750   50.25616    0.00100    0.00100    0.00200    0.00011
     6    0.11250   50.16302    0.00100    0.00100    0.00200    0.00011
     7    0.13750   50.04667    0.00100    0.00100    0.00200    0.00011
     8    0.16250   49.90717    0.00100    0.00100    0.00200    0.00011
     9    0.18750   49.74457    0.00100    0.00100    0.00200    0.00011
    10    0.21250   49.55896    0.00100    0.00100    0.00200    0.00011
    11    0.23750   49.35043    0.00100    0.00100    0.00200    0.00011
    12    0.26250   49.11907    0.00100    0.00100    0.00200    0.00011
    13    0.28750   48.86499    0.00100    0.00100    0.00200    0.00011
    14    0.31250   48.58830    0.00100    0.00100    0.00200    0.00011
    15    0.33750   48.28913    0.00100    0.00100    0.00200    0.00011
    16    0.36250   47.96764    0.00100    0.00100    0.00200    0.00011
    17    0.38750   47.62396    0.00100    0.00100    0.00200    0.00011
    18    0.41250   47.25824    0.00100    0.00100    0.00200    0.00011
    19    0.43750   46.87067    0.00100    0.00100    0.00200    0.00011
    20    0.46250   46.46142    0.00100    0.00100    0.00200    0.00010
    21    0.48750   46.03067    0.00100    0.00100    0.00200    0.00010
    22    0.51250   45.57864    0.00100    0.00100    0.00200    0.00010
    23    0.53750   45.10552    0.00100    0.00100    0.00200    0.00010
    24    0.56250   44.61154    0.00100    0.00100    0.00200    0.00010
    25    0.58750   44.09693    0.00100    0.00100    0.00200    0.00010
    26    0.61250   43.56192    0.00100    0.00100    0.00200    0.00010
    27    0.63750   43.00676    0.00100    0.00100    0.00200    0.00010
    28    0.66250   42.43171    0.00100    0.00100    0.00200    0.00010
    29    0.68750   41.83702    0.00100    0.00100    0.00200    0.00009
    30    0.71250   41.22298    0.00100    0.00100    0.00200    0.00009
    31    0.73750   40.58987    0.00100    0.00100    0.00200    0.00009
    32    0.76250   39.93800    0.00100    0.00100    0.00200    0.00009
    33    0.78750   39.26764    0.00100    0.00100    0.00200    0.00009
    34    0.81250   38.57912    0.00100    0.00100    0.00200    0.00009
    35    0.83750   37.87275    0.00100    0.00100    0.00200    0.00008
    36    0.86250   37.14886    0.00100    0.00100    0.00200    0.00008
    37    0.88750   36.40779    0.00100    0.00100    0.00200    0.00008
    38    0.91250   35.64987    0.00100    0.00100    0.00200    0.00008
    39    0.93750   34.87547    0.00100    0.00100    0.00200    0.00008
    40    0.96250   34.08493    0.00100    0.00100    0.00200    0.00008
    41    0.98750   33.27863    0.00200    0.00100    0.00300    0.00007
    42    1.00000   32.86777    0.00000    0.00200    0.00203    0.00000
     1    0.00000   39.99945    0.00200    0.00000    1.00000    0.00000
     2    0.01250   39.99945    0.00100    0.00200    0.00300    0.00009
     3    0.03750   39.98095    0.00100    0.00100    0.00200    0.00009
     4    0.06250   39.94395    0.00100    0.00100    0.00200    0.00009
     5    0.08750   39.88848    0.00100    0.00100    0.00200    0.00009
     6    0.11250   39.81455    0.00100    0.00100    0.00200    0.00009
     7    0.13750   39.72221    0.00100    0.00100    0.00200    0.00009
     8    0.16250   39.61148    0.00100    0.00100    0.00200    0.00009
     9    0.18750   39.48243    0.00100    0.00100    0.00200    0.00009
    10    0.21250   39.33511    0.00100    0.00100    0.00200    0.00009
    11    0.23750   39.16959    0.00100    0.00100    0.00200    0.00009
    12    0.26250   38.98597    0.00100    0.00100    0.00200    0.00009
    13    0.28750   38.78430    0.00100    0.00100    0.00200    0.00009
    14    0.31250   38.56469    0.00100    0.00100    0.00200    0.00009
    15    0.33750   38.32724    0.00100    0.00100    0.00200    0.00009
    16    0.36250   38.07207    0.00100    0.00100    0.00200    0.00009
    17    0.38750   37.79929    0.00100    0.00100    0.00200    0.00008
    18    0.41250   37.50902    0.00100    0.00100    0.00200    0.00008
    19    0.43750   37.20140    0.00100    0.00100    0.00200    0.00008
    20    0.46250   36.87657    0.00100    0.00100    0.00200    0.00008
    21    0.48750   36.53469    0.00100    0.00100    0.00200    0.00008
    22    0.51250   36.17590    0.00100    0.00100    0.00200    0.00008
    23    0.53750   35.80039    0.00100    0.00100    0.00200    0.00008
    24    0.56250   35.40831    0.00100    0.00100    0.00200    0.00008
    25    0.58750   34.99986    0.00100    0.00100    0.00200    0.00008
    26    0.61250   34.57522    0.00100    0.00100    0.00200    0.00008
    27    0.63750   34.13458    0.00100    0.00100    0.00200    0.00008
    28    0.66250   33.67816    0.00100    0.00100    0.00200    0.00008
    29    0.68750   33.20615    0.00100    0.00100    0.00200    0.00007
    30    0.71250   32.71879    0.00100    0.00100    0.00200    0.00007
    31    0.73750   32.21629    0.00100    0.00100    0.00200    0.00007
    32    0.76250   31.69888    0.00100    0.00100    0.00200    0.00007
    33    0.78750   31.16682    0.00100    0.00100    0.00200    0.00007
    34    0.81250   30.62033    0.00100    0.00100    0.00200    0.00007
    35    0.83750   30.05969    0.00100    0.00100    0.00200    0.00007
    36    0.86250   29.48514    0.00100    0.00100    0.00200    0.00007
    37    0.88750   28.89695    0.00100    0.00100    0.00200    0.00006
    38    0.91250   28.29539    0.00100    0.00100    0.00200    0.00006
    39    0.93750   27.68074    0.00100    0.00100    0.00200    0.00006
    40    0.96250   27.05329    0.00100    0.00100    0.00200    0.00006
    41    0.98750   26.41333    0.00200    0.00100    0.00300    0.00006
    42    1.00000   26.08723    0.00000    0.00200    0.00203    0.00000
     1    0.00000   31.74770    0.00200    0.00000    1.00000    0.00000
     2    0.01250   31.74770    0.00100    0.00200    0.00300    0.00007
     3    0.03750   31.73302    0.00100    0.00100    0.00200    0.00007
     4    0.06250   31.70365    0.00100    0.00100    0.00200    0.00007
     5    0.08750   31.65962    0.00100    0.00100    0.00200    0.00007
     6    0.11250   31.60094    0.00100    0.00100    0.00200    0.00007
     7    0.13750   31.52765    0.00100    0.00100    0.00200    0.00007
     8    0.16250   31.43977    0.00100    0.00100    0.00200    0.00007
     9    0.18750   31.33734    0.00100    0.00100    0.00200    0.00007
    10    0.21250   31.22041    0.00100    0.00100    0.00200    0.00007
    11    0.23750   31.08904    0.00100    0.00100    0.00200    0.00007
    12    0.26250   30.94329    0.00100    0.00100    0.00200    0.00007
    13    0.28750   30.78323    0.00100    0.00100    0.00200    0.00007
    14    0.31250   30.60892    0.00100    0.00100    0.00200    0.00007
    15    0.33750   30.42046    0.00100    0.00100    0.00200    0.00007
    16    0.36250   30.21793    0.00100    0.00100    0.00200    0.00007
    17    0.38750   30.00142    0.00100    0.00100    0.00200    0.00007
    18    0.41250   29.77103    0.00100    0.00100    0.00200    0.00007
    19    0.43750   29.52687    0.00100    0.00100    0.00200    0.00007
    20    0.46250   29.26905    0.00100    0.00100    0.00200    0.00007
    21    0.48750   28.99770    0.00100    0.00100    0.00200    0.00007
    22    0.51250   28.71293    0.00100    0.00100    0.00200    0.00006
    23    0.53750   28.41488    0.00100    0.00100    0.00200    0.00006
    24    0.56250   28.10369    0.00100    0.00100    0.00200    0.00006
    25    0.58750   27.77950    0.00100    0.00100    0.00200    0.00006
    26    0.61250   27.44246    0.00100    0.00100    0.00200    0.00006
    27    0.63750   27.09273    0.00100    0.00100    0.00200    0.00006
    28    0.66250   26.73046    0.00100    0.00100    0.00200    0.00006
    29    0.68750   26.35583    0.00100    0.00100    0.00200    0.00006
    30    0.71250   25.96900    0.00100    0.00100    0.00200    0.00006
    31    0.73750   25.57017    0.00100    0.00100    0.00200    0.00006
    32    0.76250   25.15950    0.00100    0.00100    0.00200    0.00006
    33    0.78750   24.73720    0.00100    0.00100    0.00200    0.00006
    34    0.81250   24.30346    0.00100    0.00100    0.00200    0.00005
    35    0.83750   23.85847    0.00100    0.00100    0.00200    0.00005
    36    0.86250   23.40244    0.00100    0.00100    0.00200    0.00005
    37    0.88750   22.93559    0.00100    0.00100    0.00200    0.00005
    38    0.91250   22.45813    0.00100    0.00100    0.00200    0.00005
    39    0.93750   21.97029    0.00100    0.00100    0.00200    0.00005
    40    0.96250   21.47228    0.00100    0.00100    0.00200    0.00005
    41    0.98750   20.96433    0.00200    0.00100    0.00300    0.00005
    42    1.00000   20.70551    0.00000    0.00200    0.00203    0.00000
     1    0.00000   25.19825    0.00200    0.00000    1.00000    0.00000
     2    0.01250   25.19825    0.00100    0.00200    0.00300    0.00006
     3    0.03750   25.18660    0.00100    0.00100    0.00200    0.00006
     4    0.06250   25.16329    0.00100    0.00100    0.00200    0.00006
     5    0.08750   25.12834    0.00100    0.00100    0.00200    0.00006
     6    0.11250   25.08177    0.00100    0.00100    0.00200    0.00006
     7    0.13750   25.02360    0.00100    0.00100    0.00200    0.00006
     8    0.16250   24.95384    0.00100    0.00100    0.00200    0.00006
     9    0.18750   24.87254    0.00100    0.00100    0.00200    0.00006
    10    0.21250   24.77974    0.00100    0.00100    0.00200    0.00006
    11    0.23750   24.67547    0.00100    0.00100    0.00200    0.00006
    12    0.26250   24.55979    0.00100    0.00100    0.00200    0.00006
    13    0.28750   24.43274    0.00100    0.00100    0.00200    0.00005
    14    0.31250   24.29440    0.00100    0.00100    0.00200    0.00005
    15    0.33750   24.14481    0.00100    0.00100    0.00200    0.00005
    16    0.36250   23.98406    0.00100    0.00100    0.00200    0.00005
    17    0.38750   23.81222    0.00100    0.00100    0.00200    0.00005
    18    0.41250   23.62936    0.00100    0.00100    0.00200    0.00005
    19    0.43750   23.43557    0.00100    0.00100    0.00200    0.00005
    20    0.46250   23.23094    0.00100    0.00100    0.00200    0.00005
    21    0.48750   23.01556    0.00100    0.00100    0.00200    0.00005
    22    0.51250   22.78954    0.00100    0.00100    0.00200    0.00005
    23    0.53750   22.55298    0.00100    0.00100    0.00200    0.00005
    24    0.56250   22.30598    0.00100    0.00100    0.00200    0.00005
    25    0.58750   22.04867    0.00100    0.00100    0.00200    0.00005
    26    0.61250   21.78116    0.00100    0.00100    0.00200    0.00005
    27    0.63750   21.50358    0.00100    0.00100    0.00200    0.00005
    28    0.66250   21.21605    0.00100    0.00100    0.00200    0.00005
    29    0.68750   20.91870    0.00100    0.00100    0.00200    0.00005
    30    0.71250   20.61168    0.00100    0.00100    0.00200    0.00005
    31    0.73750   20.29512    0.00100    0.00100    0.00200    0.00005
    32    0.76250   19.96918    0.00100    0.00100    0.00200    0.00004
    33    0.78750   19.63399    0.00100    0.00100    0.00200    0.00004
    34    0.81250   19.28973    0.00100    0.00100    0.00200    0.00004
    35    0.83750   18.93654    0.00100    0.00100    0.00200    0.00004
    36    0.86250   18.57459    0.00100    0.00100    0.00200    0.00004
    37    0.88750   18.20405    0.00100    0.00100    0.00200    0.00004
    38    0.91250   17.82509    0.00100    0.00100    0.00200    0.00004
    39    0.93750   17.43789    0.00100    0.00100    0.00200    0.00004
    40    0.96250   17.04261    0.00100    0.00100    0.00200    0.00004
    41    0.98750   16.63946    0.00200    0.00100    0.00300    0.00004
    42    1.00000   16.43403    0.00000    0.00200    0.00203    0.00000
     1    0.00000   19.99993    0.00200    0.00000    1.00000    0.00000
     2    0.01250   19.99993    0.00100    0.00200    0.00300    0.00004
     3    0.03750   19.99067    0.00100    0.00100    0.00200    0.00004
     4    0.06250   19.97218    0.00100    0.00100    0.00200    0.00004
     5    0.08750   19.94444    0.00100    0.00100    0.00200    0.00004
     6    0.11250   19.90748    0.00100    0.00100    0.00200    0.00004
     7    0.13750   19.86130    0.00100    0.00100    0.00200    0.00004
     8    0.16250   19.80594    0.00100    0.00100    0.00200    0.00004
     9    0.18750   19.74142    0.00100    0.00100    0.00200    0.00004
    10    0.21250   19.66776    0.00100    0.00100    0.00200    0.00004
    11    0.23750   19.58500    0.00100    0.00100    0.00200    0.00004
    12    0.26250   19.49319    0.00100    0.00100    0.00200    0.00004
    13    0.28750   19.39235    0.00100    0.00100    0.00200    0.00004
    14    0.31250   19.28254    0.00100    0.00100    0.00200    0.00004
    15    0.33750   19.16382    0.00100    0.00100    0.00200    0.00004
    16    0.36250   19.03623    0.00100    0.00100    0.00200    0.00004
    17    0.38750   18.89984    0.00100    0.00100    0.00200    0.00004
    18    0.41250   18.75470    0.00100    0.00100    0.00200    0.00004
    19    0.43750   18.60089    0.00100    0.00100    0.00200    0.00004
    20    0.46250   18.43847    0.00100    0.00100    0.00200    0.00004
    21    0.48750   18.26752    0.00100    0.00100    0.00200    0.00004
    22    0.51250   18.08813    0.00100    0.00100    0.00200    0.00004
    23    0.53750   17.90037    0.00100    0.00100    0.00200    0.00004
    24    0.56250   17.70433    0.00100    0.00100    0.00200    0.00004
    25    0.58750   17.50010    0.00100    0.00100    0.00200    0.00004
    26    0.61250   17.28778    0.00100    0.00100    0.00200    0.00004
    27    0.63750   17.06746    0.00100    0.00100    0.00200    0.00004
    28    0.66250   16.83924    0.00100    0.00100    0.00200    0.00004
    29    0.68750   16.60324    0.00100    0.00100    0.00200    0.00004
    30    0.71250   16.35955    0.00100    0.00100    0.00200    0.00004
    31    0.73750   16.10830    0.00100    0.00100    0.00200    0.00004
    32    0.76250   15.84960    0.00100    0.00100    0.00200    0.00004
    33    0.78750   15.58356    0.00100    0.00100    0.00200    0.00003
    34    0.81250   15.31032    0.00100    0.00100    0.00200    0.00003
    35    0.83750   15.02999    0.00100    0.00100    0.00200    0.00003
    36    0.86250   14.74271    0.00100    0.00100    0.00200    0.00003
    37    0.88750   14.44861    0.00100    0.00100    0.00200    0.00003
    38    0.91250   14.14783    0.00100    0.00100    0.00200    0.00003
    39    0.93750   13.84051    0.00100    0.00100    0.00200    0.00003
    40    0.96250   13.52678    0.00100    0.00100    0.00200    0.00003
    41    0.98750   13.20679    0.00200    0.00100    0.00300    0.00003
    42    1.00000   13.04374    0.00000    0.00200    0.00203    0.00000
     1    0.00000   15.87400    0.00200    0.00000    1.00000    0.00000
     2    0.01250   15.87400    0.00100    0.00200    0.00300    0.00004
     3    0.03750   15.86666    0.00100    0.00100    0.00200    0.00004
     4    0.06250   15.85198    0.00100    0.00100    0.00200    0.00004
     5    0.08750   15.82996    0.00100    0.00100    0.00200    0.00004
     6    0.11250   15.80062    0.00100    0.00100    0.00200    0.00004
     7    0.13750   15.76398    0.00100    0.00100    0.00200    0.00004
     8    0.16250   15.72003    0.00100    0.00100    0.00200    0.00004
     9    0.18750   15.66882    0.00100    0.00100    0.00200    0.00004
    10    0.21250   15.61035    0.00100    0.00100    0.00200    0.00003
    11    0.23750   15.54467    0.00100    0.00100    0.00200    0.00003
    12    0.26250   15.47179    0.00100    0.00100    0.00200    0.00003
    13    0.28750   15.39176    0.00100    0.00100    0.00200    0.00003
    14    0.31250   15.30461    0.00100    0.00100    0.00200    0.00003
    15    0.33750   15.21038    0.00100    0.00100    0.00200    0.00003
    16    0.36250   15.10911    0.00100    0.00100    0.00200    0.00003
    17    0.38750   15.00085    0.00100    0.00100    0.00200    0.00003
    18    0.41250   14.88566    0.00100    0.00100    0.00200    0.00003
    19    0.43750   14.76358    0.00100    0.00100    0.00200    0.00003
    20    0.46250   14.63467    0.00100    0.00100    0.00200    0.00003
    21    0.48750   14.49899    0.00100    0.00100    0.00200    0.00003
    22    0.51250   14.35660    0.00100    0.00100    0.00200    0.00003
    23    0.53750   14.20758    0.00100    0.00100    0.00200    0.00003
    24    0.56250   14.05198    0.00100    0.00100    0.00200    0.00003
    25    0.58750   13.88988    0.00100    0.00100    0.00200    0.00003
    26    0.61250   13.72136    0.00100    0.00100    0.00200    0.00003
    27    0.63750   13.54649    0.00100    0.00100    0.00200    0.00003
    28    0.66250   13.36536    0.00100    0.00100    0.00200    0.00003
    29    0.68750   13.17804    0.00100    0.00100    0.00200    0.00003
    30    0.71250   12.98462    0.00100    0.00100    0.00200    0.00003
    31    0.73750   12.78520    0.00100    0.00100    0.00200    0.00003
    32    0.76250   12.57987    0.00100    0.00100    0.00200    0.00003
    33    0.78750   12.36872    0.00100    0.00100    0.00200    0.00003
    34    0.81250   12.15184    0.00100    0.00100    0.00200    0.00003
    35    0.83750   11.92935    0.00100    0.00100    0.00200    0.00003
    36    0.86250   11.70133    0.00100    0.00100    0.00200    0.00003
    37    0.88750   11.46791    0.00100    0.00100    0.00200    0.00003
    38    0.91250   11.22917    0.00100    0.00100    0.00200    0.00003
    39    0.93750   10.98525    0.00100    0.00100    0.00200    0.00002
    40    0.96250   10.73624    0.00100    0.00100    0.00200    0.00002
    41    0.98750   10.48227    0.00200    0.00100    0.00300    0.00002
    42    1.00000   10.35286    0.00000    0.00200    0.00203    0.00000
     1    0.00000   12.59924    0.00200    0.00000    1.00000    0.00000
     2    0.01250   12.59924    0.00100    0.00200    0.00300    0.00003
     3    0.03750   12.59341    0.00100    0.00100    0.00200    0.00003
     4    0.06250   12.58176    0.00100    0.00100    0.00200    0.00003
     5    0.08750   12.56429    0.00100    0.00100    0.00200    0.00003
     6    0.11250   12.54100    0.00100    0.00100    0.00200    0.00003
     7    0.13750   12.51191    0.00100    0.00100    0.00200    0.00003
     8    0.16250   12.47704    0.00100    0.00100    0.00200    0.00003
     9    0.18750   12.43639    0.00100    0.00100    0.00200    0.00003
    10    0.21250   12.38998    0.00100    0.00100    0.00200    0.00003
    11    0.23750   12.33785    0.00100    0.00100    0.00200    0.00003
    12    0.26250   12.28001    0.00100    0.00100    0.00200    0.00003
    13    0.28750   12.21649    0.00100    0.00100    0.00200    0.00003
    14    0.31250   12.14731    0.00100    0.00100    0.00200    0.00003
    15    0.33750   12.07252    0.00100    0.00100    0.00200    0.00003
    16    0.36250   11.99215    0.00100    0.00100    0.00200    0.00003
    17    0.38750   11.90622    0.00100    0.00100    0.00200    0.00003
    18    0.41250   11.81479    0.00100    0.00100    0.00200    0.00003
    19    0.43750   11.71790    0.00100    0.00100    0.00200    0.00003
    20    0.46250   11.61558    0.00100    0.00100    0.00200    0.00003
    21    0.48750   11.50789    0.00100    0.00100    0.00200    0.00003
    22    0.51250   11.39488    0.00100    0.00100    0.00200    0.00003
    23    0.53750   11.27660    0.00100    0.00100    0.00200    0.00003
    24    0.56250   11.15310    0.00100    0.00100    0.00200    0.00003
    25    0.58750   11.02444    0.00100    0.00100    0.00200    0.00002
    26    0.61250   10.89069    0.00100    0.00100    0.00200    0.00002
    27    0.63750   10.75189    0.00100    0.00100    0.00200    0.00002
    28    0.66250   10.60812    0.00100    0.00100    0.00200    0.00002
    29    0.68750   10.45945    0.00100    0.00100    0.00200    0.00002
    30    0.71250   10.30594    0.00100    0.00100    0.00200    0.00002
    31    0.73750   10.14766    0.00100    0.00100    0.00200    0.00002
    32    0.76250    9.98468    0.00100    0.00100    0.00200    0.00002
    33    0.78750    9.81709    0.00100    0.00100    0.00200    0.00002
    34    0.81250    9.64496    0.00100    0.00100    0.00200    0.00002
    35    0.83750    9.46836    0.00100    0.00100    0.00200    0.00002
    36    0.86250    9.28739    0.00100    0.00100    0.00200    0.00002
    37    0.88750    9.10211    0.00100    0.00100    0.00200    0.00002
    38    0.91250    8.91263    0.00100    0.00100    0.00200    0.00002
    39    0.93750    8.71903    0.00100    0.00100    0.00200    0.00002
    40    0.96250    8.52139    0.00100    0.00100    0.00200    0.00002
    41    0.98750    8.31981    0.00200    0.00100    0.00300    0.00002
    42    1.00000    8.21710    0.00000    0.00200    0.00203    0.00000
