 XNE
  0.00000E+00
  1.25000E-04
  2.50000E-04
  3.75000E-04
  5.00000E-04
  6.25000E-04
  7.50000E-04
  8.75000E-04
  1.00000E-03
  1.12500E-03
  1.25000E-03
  1.37500E-03
  1.50000E-03
  1.62500E-03
  1.75000E-03
  1.87500E-03
  2.00000E-03
  2.12500E-03
  2.25000E-03
  2.37500E-03
  2.50000E-03
  2.62500E-03
  2.75000E-03
  2.87500E-03
  3.00000E-03
  3.12500E-03
  3.25000E-03
  3.37500E-03
  3.50000E-03
  3.62500E-03
  3.75000E-03
  3.87500E-03
  4.00000E-03
  4.12500E-03
  4.25000E-03
  4.37500E-03
  4.50000E-03
  4.62500E-03
  4.75000E-03
  4.87500E-03
  5.00000E-03
  5.00000E-03
