 XP
  0.00000E+00
  6.25000E-05
  1.87500E-04
  3.12500E-04
  4.37500E-04
  5.62500E-04
  6.87500E-04
  8.12500E-04
  9.37500E-04
  1.06250E-03
  1.18750E-03
  1.31250E-03
  1.43750E-03
  1.56250E-03
  1.68750E-03
  1.81250E-03
  1.93750E-03
  2.06250E-03
  2.18750E-03
  2.31250E-03
  2.43750E-03
  2.56250E-03
  2.68750E-03
  2.81250E-03
  2.93750E-03
  3.06250E-03
  3.18750E-03
  3.31250E-03
  3.43750E-03
  3.56250E-03
  3.68750E-03
  3.81250E-03
  3.93750E-03
  4.06250E-03
  4.18750E-03
  4.31250E-03
  4.43750E-03
  4.56250E-03
  4.68750E-03
  4.81250E-03
  4.93750E-03
  5.00000E-03
