 YNE
  0.00000E+00
  2.50000E-03
  5.00000E-03
  7.50000E-03
  1.00000E-02
  1.25000E-02
  1.50000E-02
  1.75000E-02
  2.00000E-02
  2.25000E-02
  2.50000E-02
  2.75000E-02
  3.00000E-02
  3.25000E-02
  3.50000E-02
  3.75000E-02
  4.00000E-02
  4.25000E-02
  4.50000E-02
  4.75000E-02
  5.00000E-02
  5.25000E-02
  5.50000E-02
  5.75000E-02
  6.00000E-02
  6.25000E-02
  6.50000E-02
  6.75000E-02
  7.00000E-02
  7.25000E-02
  7.50000E-02
  7.75000E-02
  8.00000E-02
  8.25000E-02
  8.50000E-02
  8.75000E-02
  9.00000E-02
  9.25000E-02
  9.50000E-02
  9.75000E-02
  1.00000E-01
  1.00000E-01
