 YP
  0.00000E+00
  1.25000E-03
  3.75000E-03
  6.25000E-03
  8.75000E-03
  1.12500E-02
  1.37500E-02
  1.62500E-02
  1.87500E-02
  2.12500E-02
  2.37500E-02
  2.62500E-02
  2.87500E-02
  3.12500E-02
  3.37500E-02
  3.62500E-02
  3.87500E-02
  4.12500E-02
  4.37500E-02
  4.62500E-02
  4.87500E-02
  5.12500E-02
  5.37500E-02
  5.62500E-02
  5.87500E-02
  6.12500E-02
  6.37500E-02
  6.62500E-02
  6.87500E-02
  7.12500E-02
  7.37500E-02
  7.62500E-02
  7.87500E-02
  8.12500E-02
  8.37500E-02
  8.62500E-02
  8.87500E-02
  9.12500E-02
  9.37500E-02
  9.62500E-02
  9.87500E-02
  1.00000E-01
