 # I XP T DE ATW ATP BT
     1    0.00000   80.00205    0.00000    0.00000    0.00000    0.00000
     2    0.01250   79.99743    0.00000    0.00000    0.00000    0.00000
     3    0.03750   79.96043 **********   -0.00000    0.00000    0.00000
     4    0.06250   79.88644    0.00000    0.00000    0.00000    0.00000
     5    0.08750   79.77549 **********    0.00000    0.00000    0.00000
     6    0.11250   79.62765    0.00000    0.00000    0.00000    0.00000
     7    0.13750   79.44298    0.00000    0.00000    0.00000    0.00000
     8    0.16250   79.22156    0.00000    0.00000    0.00000    0.00000
     9    0.18750   78.96349        NaN        NaN    0.00000    0.00000
    10    0.21250   78.66890        NaN    0.00000    0.00000    0.00000
    11    0.23750   78.33792 **********    0.00000    0.00000    0.00000
    12    0.26250   77.97071    0.00000    0.00000    0.00000    0.00000
    13    0.28750   77.56743 **********    0.00000    0.00000    0.00000
    14    0.31250   77.12827    0.00000    0.00000    0.00000    0.00000
    15    0.33750   76.65343 **********   -0.00000    0.00000    0.00000
    16    0.36250   76.14314    0.00000    0.00000    0.00000    0.00000
    17    0.38750   75.59763 **********    0.00000    0.00000    0.00000
    18    0.41250   75.01715    0.00000    0.00000    0.00000    0.00000
    19    0.43750   74.40198    0.00000   -0.00000    0.00000   -0.00000
    20    0.46250   73.75238    0.00000    0.00000    0.00000    0.00000
    21    0.48750   73.06867 **********    0.00000    0.00000 **********
    22    0.51250   72.35116    0.00000    0.00000    0.00000    0.00000
    23    0.53750   71.60019 **********        NaN    0.00000    0.00000
    24    0.56250   70.81609    0.00000    0.00000    0.00000    0.00000
    25    0.58750   69.99925 ********** **********    0.00000    0.00000
    26    0.61250   69.15002    0.00000    0.00000    0.00000    0.00000
    27    0.63750   68.26881 **********   -0.00000    0.00000    0.00000
    28    0.66250   67.35602    0.00000    0.00000    0.00000    0.00000
    29    0.68750   66.41207    0.00000    0.00000    0.00000    0.00000
    30    0.71250   65.43741    0.00000    0.00000    0.00000    0.00000
    31    0.73750   64.43247        NaN    0.00000    0.00000   -0.00000
    32    0.76250   63.39773        NaN    0.00000    0.00000    0.00000
    33    0.78750   62.33367 **********    0.00000    0.00000 **********
    34    0.81250   61.24078    0.00000    0.00000    0.00000    0.00000
    35    0.83750   60.11955 **********    0.00000    0.00000    0.00000
    36    0.86250   58.97052    0.00000    0.00000    0.00000    0.00000
    37    0.88750   57.79421 **********    0.00000    0.00000    0.00000
    38    0.91250   56.59117    0.00000    0.00000    0.00000    0.00000
    39    0.93750   55.36195 ********** **********    0.00000    0.00000
    40    0.96250   54.10713    0.00000    0.00000    0.00000    0.00000
    41    0.98750   52.82727 **********    0.00000    0.00000    0.00000
    42    1.00000   52.17814    0.00000    0.00000    0.00000    0.00000
     1    0.00000   69.73927    0.00200    0.00000    1.00000    0.00000
     2    0.01250   69.73927    0.00100    0.00100    0.00150    0.00025
     3    0.03750   69.69858    0.00100    0.00050    0.00100    0.00025
     4    0.06250   69.62639    0.00100    0.00050    0.00100    0.00025
     5    0.08750   69.52270    0.00100    0.00050    0.00100    0.00025
     6    0.11250   69.38747    0.00100    0.00050    0.00100    0.00025
     7    0.13750   69.22074    0.00100    0.00050    0.00100    0.00025
     8    0.16250   69.02254    0.00100    0.00050    0.00100    0.00025
     9    0.18750   68.79291    0.00100    0.00050    0.00100    0.00025
    10    0.21250   68.53194    0.00100    0.00050    0.00100    0.00024
    11    0.23750   68.23971    0.00100    0.00050    0.00100    0.00024
    12    0.26250   67.91634    0.00100    0.00050    0.00100    0.00024
    13    0.28750   67.56194    0.00100    0.00050    0.00100    0.00024
    14    0.31250   67.17664    0.00100    0.00050    0.00100    0.00024
    15    0.33750   66.76062    0.00100    0.00050    0.00100    0.00024
    16    0.36250   66.31404    0.00100    0.00050    0.00100    0.00024
    17    0.38750   65.83709    0.00100    0.00050    0.00100    0.00023
    18    0.41250   65.32997    0.00100    0.00050    0.00100    0.00023
    19    0.43750   64.79291    0.00100    0.00050    0.00100    0.00023
    20    0.46250   64.22616    0.00100    0.00050    0.00100    0.00023
    21    0.48750   63.62996    0.00100    0.00050    0.00100    0.00023
    22    0.51250   63.00457    0.00100    0.00050    0.00100    0.00022
    23    0.53750   62.35027    0.00100    0.00050    0.00100    0.00022
    24    0.56250   61.66737    0.00100    0.00050    0.00100    0.00022
    25    0.58750   60.95617    0.00100    0.00050    0.00100    0.00022
    26    0.61250   60.21701    0.00100    0.00050    0.00100    0.00021
    27    0.63750   59.45023    0.00100    0.00050    0.00100    0.00021
    28    0.66250   58.65618    0.00100    0.00050    0.00100    0.00021
    29    0.68750   57.83524    0.00100    0.00050    0.00100    0.00021
    30    0.71250   56.98779    0.00100    0.00050    0.00100    0.00020
    31    0.73750   56.11421    0.00100    0.00050    0.00100    0.00020
    32    0.76250   55.21493    0.00100    0.00050    0.00100    0.00020
    33    0.78750   54.29038    0.00100    0.00050    0.00100    0.00019
    34    0.81250   53.34098    0.00100    0.00050    0.00100    0.00019
    35    0.83750   52.36721    0.00100    0.00050    0.00100    0.00019
    36    0.86250   51.36948    0.00100    0.00050    0.00100    0.00018
    37    0.88750   50.34833    0.00100    0.00050    0.00100    0.00018
    38    0.91250   49.30422    0.00100    0.00050    0.00100    0.00018
    39    0.93750   48.23767    0.00100    0.00050    0.00100    0.00017
    40    0.96250   47.14919    0.00100    0.00050    0.00100    0.00017
    41    0.98750   46.03930    0.00200    0.00050    0.00150    0.00017
    42    1.00000   45.47091    0.00000    0.00200    0.00203    0.00000
     1    0.00000   69.73927    0.00200    0.00000    1.00000    0.00000
     2    0.01250   69.73927    0.00100    0.00100    0.00150    0.00025
     3    0.03750   69.69858    0.00100    0.00050    0.00100    0.00025
     4    0.06250   69.62639    0.00100    0.00050    0.00100    0.00025
     5    0.08750   69.52270    0.00100    0.00050    0.00100    0.00025
     6    0.11250   69.38747    0.00100    0.00050    0.00100    0.00025
     7    0.13750   69.22074    0.00100    0.00050    0.00100    0.00025
     8    0.16250   69.02254    0.00100    0.00050    0.00100    0.00025
     9    0.18750   68.79291    0.00100    0.00050    0.00100    0.00025
    10    0.21250   68.53194    0.00100    0.00050    0.00100    0.00024
    11    0.23750   68.23971    0.00100    0.00050    0.00100    0.00024
    12    0.26250   67.91634    0.00100    0.00050    0.00100    0.00024
    13    0.28750   67.56194    0.00100    0.00050    0.00100    0.00024
    14    0.31250   67.17664    0.00100    0.00050    0.00100    0.00024
    15    0.33750   66.76062    0.00100    0.00050    0.00100    0.00024
    16    0.36250   66.31404    0.00100    0.00050    0.00100    0.00024
    17    0.38750   65.83709    0.00100    0.00050    0.00100    0.00023
    18    0.41250   65.32997    0.00100    0.00050    0.00100    0.00023
    19    0.43750   64.79291    0.00100    0.00050    0.00100    0.00023
    20    0.46250   64.22616    0.00100    0.00050    0.00100    0.00023
    21    0.48750   63.62996    0.00100    0.00050    0.00100    0.00023
    22    0.51250   63.00457    0.00100    0.00050    0.00100    0.00022
    23    0.53750   62.35027    0.00100    0.00050    0.00100    0.00022
    24    0.56250   61.66737    0.00100    0.00050    0.00100    0.00022
    25    0.58750   60.95617    0.00100    0.00050    0.00100    0.00022
    26    0.61250   60.21701    0.00100    0.00050    0.00100    0.00021
    27    0.63750   59.45023    0.00100    0.00050    0.00100    0.00021
    28    0.66250   58.65618    0.00100    0.00050    0.00100    0.00021
    29    0.68750   57.83524    0.00100    0.00050    0.00100    0.00021
    30    0.71250   56.98779    0.00100    0.00050    0.00100    0.00020
    31    0.73750   56.11421    0.00100    0.00050    0.00100    0.00020
    32    0.76250   55.21493    0.00100    0.00050    0.00100    0.00020
    33    0.78750   54.29038    0.00100    0.00050    0.00100    0.00019
    34    0.81250   53.34098    0.00100    0.00050    0.00100    0.00019
    35    0.83750   52.36721    0.00100    0.00050    0.00100    0.00019
    36    0.86250   51.36948    0.00100    0.00050    0.00100    0.00018
    37    0.88750   50.34833    0.00100    0.00050    0.00100    0.00018
    38    0.91250   49.30422    0.00100    0.00050    0.00100    0.00018
    39    0.93750   48.23767    0.00100    0.00050    0.00100    0.00017
    40    0.96250   47.14919    0.00100    0.00050    0.00100    0.00017
    41    0.98750   46.03930    0.00200    0.00050    0.00150    0.00017
    42    1.00000   45.47091    0.00000    0.00200    0.00203    0.00000
     1    0.00000   60.61773    0.00200    0.00000    1.00000    0.00000
     2    0.01250   60.61773    0.00100    0.00100    0.00150    0.00021
     3    0.03750   60.59755    0.00100    0.00050    0.00100    0.00022
     4    0.06250   60.54814    0.00100    0.00050    0.00100    0.00022
     5    0.08750   60.46965    0.00100    0.00050    0.00100    0.00022
     6    0.11250   60.36229    0.00100    0.00050    0.00100    0.00022
     7    0.13750   60.22619    0.00100    0.00050    0.00100    0.00022
     8    0.16250   60.06154    0.00100    0.00050    0.00100    0.00021
     9    0.18750   59.86851    0.00100    0.00050    0.00100    0.00021
    10    0.21250   59.64727    0.00100    0.00050    0.00100    0.00021
    11    0.23750   59.39801    0.00100    0.00050    0.00100    0.00021
    12    0.26250   59.12088    0.00100    0.00050    0.00100    0.00021
    13    0.28750   58.81609    0.00100    0.00050    0.00100    0.00021
    14    0.31250   58.48383    0.00100    0.00050    0.00100    0.00021
    15    0.33750   58.12429    0.00100    0.00050    0.00100    0.00021
    16    0.36250   57.73767    0.00100    0.00050    0.00100    0.00021
    17    0.38750   57.32420    0.00100    0.00050    0.00100    0.00020
    18    0.41250   56.88408    0.00100    0.00050    0.00100    0.00020
    19    0.43750   56.41756    0.00100    0.00050    0.00100    0.00020
    20    0.46250   55.92484    0.00100    0.00050    0.00100    0.00020
    21    0.48750   55.40619    0.00100    0.00050    0.00100    0.00020
    22    0.51250   54.86183    0.00100    0.00050    0.00100    0.00020
    23    0.53750   54.29206    0.00100    0.00050    0.00100    0.00019
    24    0.56250   53.69711    0.00100    0.00050    0.00100    0.00019
    25    0.58750   53.07728    0.00100    0.00050    0.00100    0.00019
    26    0.61250   52.43283    0.00100    0.00050    0.00100    0.00019
    27    0.63750   51.76406    0.00100    0.00050    0.00100    0.00018
    28    0.66250   51.07127    0.00100    0.00050    0.00100    0.00018
    29    0.68750   50.35477    0.00100    0.00050    0.00100    0.00018
    30    0.71250   49.61486    0.00100    0.00050    0.00100    0.00018
    31    0.73750   48.85186    0.00100    0.00050    0.00100    0.00017
    32    0.76250   48.06611    0.00100    0.00050    0.00100    0.00017
    33    0.78750   47.25793    0.00100    0.00050    0.00100    0.00017
    34    0.81250   46.42767    0.00100    0.00050    0.00100    0.00017
    35    0.83750   45.57566    0.00100    0.00050    0.00100    0.00016
    36    0.86250   44.70226    0.00100    0.00050    0.00100    0.00016
    37    0.88750   43.80780    0.00100    0.00050    0.00100    0.00016
    38    0.91250   42.89266    0.00100    0.00050    0.00100    0.00015
    39    0.93750   41.95718    0.00100    0.00050    0.00100    0.00015
    40    0.96250   41.00172    0.00100    0.00050    0.00100    0.00015
    41    0.98750   40.02665    0.00200    0.00050    0.00150    0.00014
    42    1.00000   39.53249    0.00000    0.00200    0.00203    0.00000
     1    0.00000   52.81165    0.00200    0.00000    1.00000    0.00000
     2    0.01250   52.81165    0.00100    0.00100    0.00150    0.00019
     3    0.03750   52.77974    0.00100    0.00050    0.00100    0.00019
     4    0.06250   52.72489    0.00100    0.00050    0.00100    0.00019
     5    0.08750   52.64692    0.00100    0.00050    0.00100    0.00019
     6    0.11250   52.54562    0.00100    0.00050    0.00100    0.00019
     7    0.13750   52.42088    0.00100    0.00050    0.00100    0.00019
     8    0.16250   52.27260    0.00100    0.00050    0.00100    0.00019
     9    0.18750   52.10072    0.00100    0.00050    0.00100    0.00019
    10    0.21250   51.90522    0.00100    0.00050    0.00100    0.00019
    11    0.23750   51.68608    0.00100    0.00050    0.00100    0.00018
    12    0.26250   51.44335    0.00100    0.00050    0.00100    0.00018
    13    0.28750   51.17704    0.00100    0.00050    0.00100    0.00018
    14    0.31250   50.88722    0.00100    0.00050    0.00100    0.00018
    15    0.33750   50.57399    0.00100    0.00050    0.00100    0.00018
    16    0.36250   50.23746    0.00100    0.00050    0.00100    0.00018
    17    0.38750   49.87773    0.00100    0.00050    0.00100    0.00018
    18    0.41250   49.49495    0.00100    0.00050    0.00100    0.00018
    19    0.43750   49.08927    0.00100    0.00050    0.00100    0.00018
    20    0.46250   48.66090    0.00100    0.00050    0.00100    0.00017
    21    0.48750   48.20999    0.00100    0.00050    0.00100    0.00017
    22    0.51250   47.73676    0.00100    0.00050    0.00100    0.00017
    23    0.53750   47.24140    0.00100    0.00050    0.00100    0.00017
    24    0.56250   46.72417    0.00100    0.00050    0.00100    0.00017
    25    0.58750   46.18529    0.00100    0.00050    0.00100    0.00016
    26    0.61250   45.62505    0.00100    0.00050    0.00100    0.00016
    27    0.63750   45.04369    0.00100    0.00050    0.00100    0.00016
    28    0.66250   44.44151    0.00100    0.00050    0.00100    0.00016
    29    0.68750   43.81881    0.00100    0.00050    0.00100    0.00016
    30    0.71250   43.17590    0.00100    0.00050    0.00100    0.00015
    31    0.73750   42.51310    0.00100    0.00050    0.00100    0.00015
    32    0.76250   41.83076    0.00100    0.00050    0.00100    0.00015
    33    0.78750   41.12925    0.00100    0.00050    0.00100    0.00015
    34    0.81250   40.40892    0.00100    0.00050    0.00100    0.00014
    35    0.83750   39.67018    0.00100    0.00050    0.00100    0.00014
    36    0.86250   38.91341    0.00100    0.00050    0.00100    0.00014
    37    0.88750   38.13907    0.00100    0.00050    0.00100    0.00014
    38    0.91250   37.34759    0.00100    0.00050    0.00100    0.00013
    39    0.93750   36.53945    0.00100    0.00050    0.00100    0.00013
    40    0.96250   35.71513    0.00100    0.00050    0.00100    0.00013
    41    0.98750   34.87514    0.00200    0.00050    0.00150    0.00013
    42    1.00000   34.44458    0.00000    0.00200    0.00203    0.00000
     1    0.00000   45.92253    0.00200    0.00000    1.00000    0.00000
     2    0.01250   45.92253    0.00100    0.00100    0.00150    0.00016
     3    0.03750   45.90847    0.00100    0.00050    0.00100    0.00016
     4    0.06250   45.87150    0.00100    0.00050    0.00100    0.00016
     5    0.08750   45.81192    0.00100    0.00050    0.00100    0.00016
     6    0.11250   45.73005    0.00100    0.00050    0.00100    0.00016
     7    0.13750   45.62613    0.00100    0.00050    0.00100    0.00016
     8    0.16250   45.50040    0.00100    0.00050    0.00100    0.00016
     9    0.18750   45.35308    0.00100    0.00050    0.00100    0.00016
    10    0.21250   45.18436    0.00100    0.00050    0.00100    0.00016
    11    0.23750   44.99442    0.00100    0.00050    0.00100    0.00016
    12    0.26250   44.78343    0.00100    0.00050    0.00100    0.00016
    13    0.28750   44.55157    0.00100    0.00050    0.00100    0.00016
    14    0.31250   44.29900    0.00100    0.00050    0.00100    0.00016
    15    0.33750   44.02588    0.00100    0.00050    0.00100    0.00016
    16    0.36250   43.73237    0.00100    0.00050    0.00100    0.00016
    17    0.38750   43.41865    0.00100    0.00050    0.00100    0.00015
    18    0.41250   43.08488    0.00100    0.00050    0.00100    0.00015
    19    0.43750   42.73123    0.00100    0.00050    0.00100    0.00015
    20    0.46250   42.35786    0.00100    0.00050    0.00100    0.00015
    21    0.48750   41.96496    0.00100    0.00050    0.00100    0.00015
    22    0.51250   41.55271    0.00100    0.00050    0.00100    0.00015
    23    0.53750   41.12132    0.00100    0.00050    0.00100    0.00015
    24    0.56250   40.67097    0.00100    0.00050    0.00100    0.00015
    25    0.58750   40.20187    0.00100    0.00050    0.00100    0.00014
    26    0.61250   39.71421    0.00100    0.00050    0.00100    0.00014
    27    0.63750   39.20822    0.00100    0.00050    0.00100    0.00014
    28    0.66250   38.68411    0.00100    0.00050    0.00100    0.00014
    29    0.68750   38.14211    0.00100    0.00050    0.00100    0.00014
    30    0.71250   37.58244    0.00100    0.00050    0.00100    0.00013
    31    0.73750   37.00533    0.00100    0.00050    0.00100    0.00013
    32    0.76250   36.41100    0.00100    0.00050    0.00100    0.00013
    33    0.78750   35.79969    0.00100    0.00050    0.00100    0.00013
    34    0.81250   35.17163    0.00100    0.00050    0.00100    0.00013
    35    0.83750   34.52703    0.00100    0.00050    0.00100    0.00012
    36    0.86250   33.86613    0.00100    0.00050    0.00100    0.00012
    37    0.88750   33.18913    0.00100    0.00050    0.00100    0.00012
    38    0.91250   32.49624    0.00100    0.00050    0.00100    0.00012
    39    0.93750   31.78764    0.00100    0.00050    0.00100    0.00011
    40    0.96250   31.06350    0.00100    0.00050    0.00100    0.00011
    41    0.98750   30.32399    0.00200    0.00050    0.00150    0.00011
    42    1.00000   29.94962    0.00000    0.00200    0.00203    0.00000
     1    0.00000   40.00327    0.00200    0.00000    1.00000    0.00000
     2    0.01250   40.00327    0.00100    0.00100    0.00150    0.00015
     3    0.03750   39.97783    0.00100    0.00050    0.00100    0.00014
     4    0.06250   39.93573    0.00100    0.00050    0.00100    0.00014
     5    0.08750   39.87663    0.00100    0.00050    0.00100    0.00014
     6    0.11250   39.80021    0.00100    0.00050    0.00100    0.00014
     7    0.13750   39.70626    0.00100    0.00050    0.00100    0.00014
     8    0.16250   39.59461    0.00100    0.00050    0.00100    0.00014
     9    0.18750   39.46514    0.00100    0.00050    0.00100    0.00014
    10    0.21250   39.31778    0.00100    0.00050    0.00100    0.00014
    11    0.23750   39.15250    0.00100    0.00050    0.00100    0.00014
    12    0.26250   38.96928    0.00100    0.00050    0.00100    0.00014
    13    0.28750   38.76813    0.00100    0.00050    0.00100    0.00014
    14    0.31250   38.54910    0.00100    0.00050    0.00100    0.00014
    15    0.33750   38.31224    0.00100    0.00050    0.00100    0.00014
    16    0.36250   38.05764    0.00100    0.00050    0.00100    0.00014
    17    0.38750   37.78540    0.00100    0.00050    0.00100    0.00013
    18    0.41250   37.49562    0.00100    0.00050    0.00100    0.00013
    19    0.43750   37.18841    0.00100    0.00050    0.00100    0.00013
    20    0.46250   36.86395    0.00100    0.00050    0.00100    0.00013
    21    0.48750   36.52234    0.00100    0.00050    0.00100    0.00013
    22    0.51250   36.16378    0.00100    0.00050    0.00100    0.00013
    23    0.53750   35.78839    0.00100    0.00050    0.00100    0.00013
    24    0.56250   35.39639    0.00100    0.00050    0.00100    0.00013
    25    0.58750   34.98793    0.00100    0.00050    0.00100    0.00012
    26    0.61250   34.56324    0.00100    0.00050    0.00100    0.00012
    27    0.63750   34.12250    0.00100    0.00050    0.00100    0.00012
    28    0.66250   33.66595    0.00100    0.00050    0.00100    0.00012
    29    0.68750   33.19380    0.00100    0.00050    0.00100    0.00012
    30    0.71250   32.70631    0.00100    0.00050    0.00100    0.00012
    31    0.73750   32.20372    0.00100    0.00050    0.00100    0.00011
    32    0.76250   31.68630    0.00100    0.00050    0.00100    0.00011
    33    0.78750   31.15434    0.00100    0.00050    0.00100    0.00011
    34    0.81250   30.60813    0.00100    0.00050    0.00100    0.00011
    35    0.83750   30.04801    0.00100    0.00050    0.00100    0.00011
    36    0.86250   29.47429    0.00100    0.00050    0.00100    0.00010
    37    0.88750   28.88737    0.00100    0.00050    0.00100    0.00010
    38    0.91250   28.28764    0.00100    0.00050    0.00100    0.00010
    39    0.93750   27.67554    0.00100    0.00050    0.00100    0.00010
    40    0.96250   27.05153    0.00100    0.00050    0.00100    0.00010
    41    0.98750   26.41612    0.00200    0.00050    0.00150    0.00010
    42    1.00000   26.09000    0.00000    0.00200    0.00203    0.00000
     1    0.00000   34.78686    0.00200    0.00000    1.00000    0.00000
     2    0.01250   34.78686    0.00100    0.00100    0.00150    0.00012
     3    0.03750   34.77749    0.00100    0.00050    0.00100    0.00013
     4    0.06250   34.75008    0.00100    0.00050    0.00100    0.00012
     5    0.08750   34.70506    0.00100    0.00050    0.00100    0.00012
     6    0.11250   34.64286    0.00100    0.00050    0.00100    0.00012
     7    0.13750   34.56376    0.00100    0.00050    0.00100    0.00012
     8    0.16250   34.46804    0.00100    0.00050    0.00100    0.00012
     9    0.18750   34.35594    0.00100    0.00050    0.00100    0.00012
    10    0.21250   34.22762    0.00100    0.00050    0.00100    0.00012
    11    0.23750   34.08327    0.00100    0.00050    0.00100    0.00012
    12    0.26250   33.92302    0.00100    0.00050    0.00100    0.00012
    13    0.28750   33.74703    0.00100    0.00050    0.00100    0.00012
    14    0.31250   33.55541    0.00100    0.00050    0.00100    0.00012
    15    0.33750   33.34830    0.00100    0.00050    0.00100    0.00012
    16    0.36250   33.12579    0.00100    0.00050    0.00100    0.00012
    17    0.38750   32.88802    0.00100    0.00050    0.00100    0.00012
    18    0.41250   32.63512    0.00100    0.00050    0.00100    0.00012
    19    0.43750   32.36721    0.00100    0.00050    0.00100    0.00012
    20    0.46250   32.08438    0.00100    0.00050    0.00100    0.00011
    21    0.48750   31.78681    0.00100    0.00050    0.00100    0.00011
    22    0.51250   31.47459    0.00100    0.00050    0.00100    0.00011
    23    0.53750   31.14791    0.00100    0.00050    0.00100    0.00011
    24    0.56250   30.80688    0.00100    0.00050    0.00100    0.00011
    25    0.58750   30.45167    0.00100    0.00050    0.00100    0.00011
    26    0.61250   30.08243    0.00100    0.00050    0.00100    0.00011
    27    0.63750   29.69934    0.00100    0.00050    0.00100    0.00011
    28    0.66250   29.30254    0.00100    0.00050    0.00100    0.00010
    29    0.68750   28.89222    0.00100    0.00050    0.00100    0.00010
    30    0.71250   28.46854    0.00100    0.00050    0.00100    0.00010
    31    0.73750   28.03169    0.00100    0.00050    0.00100    0.00010
    32    0.76250   27.58183    0.00100    0.00050    0.00100    0.00010
    33    0.78750   27.11911    0.00100    0.00050    0.00100    0.00010
    34    0.81250   26.64371    0.00100    0.00050    0.00100    0.00010
    35    0.83750   26.15578    0.00100    0.00050    0.00100    0.00009
    36    0.86250   25.65547    0.00100    0.00050    0.00100    0.00009
    37    0.88750   25.14287    0.00100    0.00050    0.00100    0.00009
    38    0.91250   24.61810    0.00100    0.00050    0.00100    0.00009
    39    0.93750   24.08122    0.00100    0.00050    0.00100    0.00009
    40    0.96250   23.53226    0.00100    0.00050    0.00100    0.00008
    41    0.98750   22.97121    0.00200    0.00050    0.00150    0.00008
    42    1.00000   22.68761    0.00000    0.00200    0.00203    0.00000
     1    0.00000   30.30298    0.00200    0.00000    1.00000    0.00000
     2    0.01250   30.30298    0.00100    0.00100    0.00150    0.00011
     3    0.03750   30.28243    0.00100    0.00050    0.00100    0.00011
     4    0.06250   30.24992    0.00100    0.00050    0.00100    0.00011
     5    0.08750   30.20499    0.00100    0.00050    0.00100    0.00011
     6    0.11250   30.14722    0.00100    0.00050    0.00100    0.00011
     7    0.13750   30.07634    0.00100    0.00050    0.00100    0.00011
     8    0.16250   29.99213    0.00100    0.00050    0.00100    0.00011
     9    0.18750   29.89443    0.00100    0.00050    0.00100    0.00011
    10    0.21250   29.78318    0.00100    0.00050    0.00100    0.00011
    11    0.23750   29.65830    0.00100    0.00050    0.00100    0.00011
    12    0.26250   29.51980    0.00100    0.00050    0.00100    0.00011
    13    0.28750   29.36765    0.00100    0.00050    0.00100    0.00010
    14    0.31250   29.20190    0.00100    0.00050    0.00100    0.00010
    15    0.33750   29.02260    0.00100    0.00050    0.00100    0.00010
    16    0.36250   28.82982    0.00100    0.00050    0.00100    0.00010
    17    0.38750   28.62364    0.00100    0.00050    0.00100    0.00010
    18    0.41250   28.40414    0.00100    0.00050    0.00100    0.00010
    19    0.43750   28.17142    0.00100    0.00050    0.00100    0.00010
    20    0.46250   27.92561    0.00100    0.00050    0.00100    0.00010
    21    0.48750   27.66681    0.00100    0.00050    0.00100    0.00010
    22    0.51250   27.39515    0.00100    0.00050    0.00100    0.00010
    23    0.53750   27.11073    0.00100    0.00050    0.00100    0.00010
    24    0.56250   26.81373    0.00100    0.00050    0.00100    0.00010
    25    0.58750   26.50425    0.00100    0.00050    0.00100    0.00009
    26    0.61250   26.18247    0.00100    0.00050    0.00100    0.00009
    27    0.63750   25.84852    0.00100    0.00050    0.00100    0.00009
    28    0.66250   25.50257    0.00100    0.00050    0.00100    0.00009
    29    0.68750   25.14479    0.00100    0.00050    0.00100    0.00009
    30    0.71250   24.77536    0.00100    0.00050    0.00100    0.00009
    31    0.73750   24.39447    0.00100    0.00050    0.00100    0.00009
    32    0.76250   24.00231    0.00100    0.00050    0.00100    0.00009
    33    0.78750   23.59912    0.00100    0.00050    0.00100    0.00008
    34    0.81250   23.18512    0.00100    0.00050    0.00100    0.00008
    35    0.83750   22.76057    0.00100    0.00050    0.00100    0.00008
    36    0.86250   22.32575    0.00100    0.00050    0.00100    0.00008
    37    0.88750   21.88100    0.00100    0.00050    0.00100    0.00008
    38    0.91250   21.42665    0.00100    0.00050    0.00100    0.00008
    39    0.93750   20.96312    0.00100    0.00050    0.00100    0.00007
    40    0.96250   20.49086    0.00100    0.00050    0.00100    0.00007
    41    0.98750   20.01040    0.00200    0.00050    0.00150    0.00007
    42    1.00000   19.76335    0.00000    0.00200    0.00203    0.00000
     1    0.00000   26.35035    0.00200    0.00000    1.00000    0.00000
     2    0.01250   26.35035    0.00100    0.00100    0.00150    0.00009
     3    0.03750   26.34453    0.00100    0.00050    0.00100    0.00010
     4    0.06250   26.32438    0.00100    0.00050    0.00100    0.00009
     5    0.08750   26.29046    0.00100    0.00050    0.00100    0.00009
     6    0.11250   26.24326    0.00100    0.00050    0.00100    0.00009
     7    0.13750   26.18312    0.00100    0.00050    0.00100    0.00009
     8    0.16250   26.11032    0.00100    0.00050    0.00100    0.00009
     9    0.18750   26.02510    0.00100    0.00050    0.00100    0.00009
    10    0.21250   25.92762    0.00100    0.00050    0.00100    0.00009
    11    0.23750   25.81803    0.00100    0.00050    0.00100    0.00009
    12    0.26250   25.69645    0.00100    0.00050    0.00100    0.00009
    13    0.28750   25.56300    0.00100    0.00050    0.00100    0.00009
    14    0.31250   25.41775    0.00100    0.00050    0.00100    0.00009
    15    0.33750   25.26080    0.00100    0.00050    0.00100    0.00009
    16    0.36250   25.09223    0.00100    0.00050    0.00100    0.00009
    17    0.38750   24.91212    0.00100    0.00050    0.00100    0.00009
    18    0.41250   24.72057    0.00100    0.00050    0.00100    0.00009
    19    0.43750   24.51766    0.00100    0.00050    0.00100    0.00009
    20    0.46250   24.30346    0.00100    0.00050    0.00100    0.00009
    21    0.48750   24.07808    0.00100    0.00050    0.00100    0.00009
    22    0.51250   23.84160    0.00100    0.00050    0.00100    0.00009
    23    0.53750   23.59417    0.00100    0.00050    0.00100    0.00008
    24    0.56250   23.33587    0.00100    0.00050    0.00100    0.00008
    25    0.58750   23.06683    0.00100    0.00050    0.00100    0.00008
    26    0.61250   22.78716    0.00100    0.00050    0.00100    0.00008
    27    0.63750   22.49700    0.00100    0.00050    0.00100    0.00008
    28    0.66250   22.19646    0.00100    0.00050    0.00100    0.00008
    29    0.68750   21.88571    0.00100    0.00050    0.00100    0.00008
    30    0.71250   21.56486    0.00100    0.00050    0.00100    0.00008
    31    0.73750   21.23405    0.00100    0.00050    0.00100    0.00008
    32    0.76250   20.89341    0.00100    0.00050    0.00100    0.00007
    33    0.78750   20.54306    0.00100    0.00050    0.00100    0.00007
    34    0.81250   20.18312    0.00100    0.00050    0.00100    0.00007
    35    0.83750   19.81370    0.00100    0.00050    0.00100    0.00007
    36    0.86250   19.43488    0.00100    0.00050    0.00100    0.00007
    37    0.88750   19.04671    0.00100    0.00050    0.00100    0.00007
    38    0.91250   18.64923    0.00100    0.00050    0.00100    0.00007
    39    0.93750   18.24239    0.00100    0.00050    0.00100    0.00007
    40    0.96250   17.82612    0.00100    0.00050    0.00100    0.00006
    41    0.98750   17.40028    0.00200    0.00050    0.00150    0.00006
    42    1.00000   17.18546    0.00000    0.00200    0.00203    0.00000
     1    0.00000   22.95567    0.00200    0.00000    1.00000    0.00000
     2    0.01250   22.95567    0.00100    0.00100    0.00150    0.00009
     3    0.03750   22.93884    0.00100    0.00050    0.00100    0.00008
     4    0.06250   22.91361    0.00100    0.00050    0.00100    0.00008
     5    0.08750   22.87939    0.00100    0.00050    0.00100    0.00008
     6    0.11250   22.83569    0.00100    0.00050    0.00100    0.00008
     7    0.13750   22.78219    0.00100    0.00050    0.00100    0.00008
     8    0.16250   22.71864    0.00100    0.00050    0.00100    0.00008
     9    0.18750   22.64489    0.00100    0.00050    0.00100    0.00008
    10    0.21250   22.56084    0.00100    0.00050    0.00100    0.00008
    11    0.23750   22.46643    0.00100    0.00050    0.00100    0.00008
    12    0.26250   22.36165    0.00100    0.00050    0.00100    0.00008
    13    0.28750   22.24648    0.00100    0.00050    0.00100    0.00008
    14    0.31250   22.12098    0.00100    0.00050    0.00100    0.00008
    15    0.33750   21.98517    0.00100    0.00050    0.00100    0.00008
    16    0.36250   21.83914    0.00100    0.00050    0.00100    0.00008
    17    0.38750   21.68293    0.00100    0.00050    0.00100    0.00008
    18    0.41250   21.51662    0.00100    0.00050    0.00100    0.00008
    19    0.43750   21.34029    0.00100    0.00050    0.00100    0.00008
    20    0.46250   21.15405    0.00100    0.00050    0.00100    0.00008
    21    0.48750   20.95796    0.00100    0.00050    0.00100    0.00007
    22    0.51250   20.75216    0.00100    0.00050    0.00100    0.00007
    23    0.53750   20.53670    0.00100    0.00050    0.00100    0.00007
    24    0.56250   20.31171    0.00100    0.00050    0.00100    0.00007
    25    0.58750   20.07727    0.00100    0.00050    0.00100    0.00007
    26    0.61250   19.83352    0.00100    0.00050    0.00100    0.00007
    27    0.63750   19.58054    0.00100    0.00050    0.00100    0.00007
    28    0.66250   19.31848    0.00100    0.00050    0.00100    0.00007
    29    0.68750   19.04743    0.00100    0.00050    0.00100    0.00007
    30    0.71250   18.76755    0.00100    0.00050    0.00100    0.00007
    31    0.73750   18.47895    0.00100    0.00050    0.00100    0.00007
    32    0.76250   18.18179    0.00100    0.00050    0.00100    0.00006
    33    0.78750   17.87626    0.00100    0.00050    0.00100    0.00006
    34    0.81250   17.56252    0.00100    0.00050    0.00100    0.00006
    35    0.83750   17.24077    0.00100    0.00050    0.00100    0.00006
    36    0.86250   16.91125    0.00100    0.00050    0.00100    0.00006
    37    0.88750   16.57424    0.00100    0.00050    0.00100    0.00006
    38    0.91250   16.23005    0.00100    0.00050    0.00100    0.00006
    39    0.93750   15.87907    0.00100    0.00050    0.00100    0.00006
    40    0.96250   15.52175    0.00100    0.00050    0.00100    0.00005
    41    0.98750   15.15862    0.00200    0.00050    0.00150    0.00006
    42    1.00000   14.97148    0.00000    0.00200    0.00203    0.00000
     1    0.00000   19.95928    0.00200    0.00000    1.00000    0.00000
     2    0.01250   19.95928    0.00100    0.00100    0.00150    0.00007
     3    0.03750   19.95612    0.00100    0.00050    0.00100    0.00007
     4    0.06250   19.94145    0.00100    0.00050    0.00100    0.00007
     5    0.08750   19.91594    0.00100    0.00050    0.00100    0.00007
     6    0.11250   19.88014    0.00100    0.00050    0.00100    0.00007
     7    0.13750   19.83440    0.00100    0.00050    0.00100    0.00007
     8    0.16250   19.77904    0.00100    0.00050    0.00100    0.00007
     9    0.18750   19.71427    0.00100    0.00050    0.00100    0.00007
    10    0.21250   19.64024    0.00100    0.00050    0.00100    0.00007
    11    0.23750   19.55708    0.00100    0.00050    0.00100    0.00007
    12    0.26250   19.46488    0.00100    0.00050    0.00100    0.00007
    13    0.28750   19.36374    0.00100    0.00050    0.00100    0.00007
    14    0.31250   19.25368    0.00100    0.00050    0.00100    0.00007
    15    0.33750   19.13480    0.00100    0.00050    0.00100    0.00007
    16    0.36250   19.00713    0.00100    0.00050    0.00100    0.00007
    17    0.38750   18.87074    0.00100    0.00050    0.00100    0.00007
    18    0.41250   18.72568    0.00100    0.00050    0.00100    0.00007
    19    0.43750   18.57202    0.00100    0.00050    0.00100    0.00007
    20    0.46250   18.40980    0.00100    0.00050    0.00100    0.00007
    21    0.48750   18.23910    0.00100    0.00050    0.00100    0.00007
    22    0.51250   18.05999    0.00100    0.00050    0.00100    0.00006
    23    0.53750   17.87257    0.00100    0.00050    0.00100    0.00006
    24    0.56250   17.67690    0.00100    0.00050    0.00100    0.00006
    25    0.58750   17.47310    0.00100    0.00050    0.00100    0.00006
    26    0.61250   17.26123    0.00100    0.00050    0.00100    0.00006
    27    0.63750   17.04142    0.00100    0.00050    0.00100    0.00006
    28    0.66250   16.81376    0.00100    0.00050    0.00100    0.00006
    29    0.68750   16.57836    0.00100    0.00050    0.00100    0.00006
    30    0.71250   16.33533    0.00100    0.00050    0.00100    0.00006
    31    0.73750   16.08478    0.00100    0.00050    0.00100    0.00006
    32    0.76250   15.82681    0.00100    0.00050    0.00100    0.00006
    33    0.78750   15.56151    0.00100    0.00050    0.00100    0.00006
    34    0.81250   15.28897    0.00100    0.00050    0.00100    0.00005
    35    0.83750   15.00926    0.00100    0.00050    0.00100    0.00005
    36    0.86250   14.72243    0.00100    0.00050    0.00100    0.00005
    37    0.88750   14.42849    0.00100    0.00050    0.00100    0.00005
    38    0.91250   14.12741    0.00100    0.00050    0.00100    0.00005
    39    0.93750   13.81909    0.00100    0.00050    0.00100    0.00005
    40    0.96250   13.50336    0.00100    0.00050    0.00100    0.00005
    41    0.98750   13.17997    0.00200    0.00050    0.00150    0.00004
    42    1.00000   13.01725    0.00000    0.00200    0.00203    0.00000
     1    0.00000   17.39026    0.00200    0.00000    1.00000    0.00000
     2    0.01250   17.39026    0.00100    0.00100    0.00150    0.00007
     3    0.03750   17.37628    0.00100    0.00050    0.00100    0.00006
     4    0.06250   17.35659    0.00100    0.00050    0.00100    0.00006
     5    0.08750   17.33049    0.00100    0.00050    0.00100    0.00006
     6    0.11250   17.29743    0.00100    0.00050    0.00100    0.00006
     7    0.13750   17.25707    0.00100    0.00050    0.00100    0.00006
     8    0.16250   17.20914    0.00100    0.00050    0.00100    0.00006
     9    0.18750   17.15346    0.00100    0.00050    0.00100    0.00006
    10    0.21250   17.08995    0.00100    0.00050    0.00100    0.00006
    11    0.23750   17.01855    0.00100    0.00050    0.00100    0.00006
    12    0.26250   16.93926    0.00100    0.00050    0.00100    0.00006
    13    0.28750   16.85205    0.00100    0.00050    0.00100    0.00006
    14    0.31250   16.75699    0.00100    0.00050    0.00100    0.00006
    15    0.33750   16.65410    0.00100    0.00050    0.00100    0.00006
    16    0.36250   16.54345    0.00100    0.00050    0.00100    0.00006
    17    0.38750   16.42508    0.00100    0.00050    0.00100    0.00006
    18    0.41250   16.29905    0.00100    0.00050    0.00100    0.00006
    19    0.43750   16.16543    0.00100    0.00050    0.00100    0.00006
    20    0.46250   16.02432    0.00100    0.00050    0.00100    0.00006
    21    0.48750   15.87576    0.00100    0.00050    0.00100    0.00006
    22    0.51250   15.71985    0.00100    0.00050    0.00100    0.00006
    23    0.53750   15.55664    0.00100    0.00050    0.00100    0.00006
    24    0.56250   15.38621    0.00100    0.00050    0.00100    0.00005
    25    0.58750   15.20864    0.00100    0.00050    0.00100    0.00005
    26    0.61250   15.02402    0.00100    0.00050    0.00100    0.00005
    27    0.63750   14.83241    0.00100    0.00050    0.00100    0.00005
    28    0.66250   14.63392    0.00100    0.00050    0.00100    0.00005
    29    0.68750   14.42861    0.00100    0.00050    0.00100    0.00005
    30    0.71250   14.21659    0.00100    0.00050    0.00100    0.00005
    31    0.73750   13.99796    0.00100    0.00050    0.00100    0.00005
    32    0.76250   13.77281    0.00100    0.00050    0.00100    0.00005
    33    0.78750   13.54130    0.00100    0.00050    0.00100    0.00005
    34    0.81250   13.30354    0.00100    0.00050    0.00100    0.00005
    35    0.83750   13.05971    0.00100    0.00050    0.00100    0.00005
    36    0.86250   12.80997    0.00100    0.00050    0.00100    0.00005
    37    0.88750   12.55460    0.00100    0.00050    0.00100    0.00004
    38    0.91250   12.29385    0.00100    0.00050    0.00100    0.00004
    39    0.93750   12.02812    0.00100    0.00050    0.00100    0.00004
    40    0.96250   11.75784    0.00100    0.00050    0.00100    0.00004
    41    0.98750   11.48357    0.00200    0.00050    0.00150    0.00004
    42    1.00000   11.34180    0.00000    0.00200    0.00203    0.00000
     1    0.00000   15.11795    0.00200    0.00000    1.00000    0.00000
     2    0.01250   15.11795    0.00100    0.00100    0.00150    0.00005
     3    0.03750   15.11677    0.00100    0.00050    0.00100    0.00006
     4    0.06250   15.10621    0.00100    0.00050    0.00100    0.00005
     5    0.08750   15.08706    0.00100    0.00050    0.00100    0.00005
     6    0.11250   15.05989    0.00100    0.00050    0.00100    0.00005
     7    0.13750   15.02508    0.00100    0.00050    0.00100    0.00005
     8    0.16250   14.98296    0.00100    0.00050    0.00100    0.00005
     9    0.18750   14.93373    0.00100    0.00050    0.00100    0.00005
    10    0.21250   14.87751    0.00100    0.00050    0.00100    0.00005
    11    0.23750   14.81441    0.00100    0.00050    0.00100    0.00005
    12    0.26250   14.74451    0.00100    0.00050    0.00100    0.00005
    13    0.28750   14.66787    0.00100    0.00050    0.00100    0.00005
    14    0.31250   14.58451    0.00100    0.00050    0.00100    0.00005
    15    0.33750   14.49448    0.00100    0.00050    0.00100    0.00005
    16    0.36250   14.39780    0.00100    0.00050    0.00100    0.00005
    17    0.38750   14.29453    0.00100    0.00050    0.00100    0.00005
    18    0.41250   14.18469    0.00100    0.00050    0.00100    0.00005
    19    0.43750   14.06833    0.00100    0.00050    0.00100    0.00005
    20    0.46250   13.94548    0.00100    0.00050    0.00100    0.00005
    21    0.48750   13.81620    0.00100    0.00050    0.00100    0.00005
    22    0.51250   13.68053    0.00100    0.00050    0.00100    0.00005
    23    0.53750   13.53856    0.00100    0.00050    0.00100    0.00005
    24    0.56250   13.39033    0.00100    0.00050    0.00100    0.00005
    25    0.58750   13.23593    0.00100    0.00050    0.00100    0.00005
    26    0.61250   13.07541    0.00100    0.00050    0.00100    0.00005
    27    0.63750   12.90888    0.00100    0.00050    0.00100    0.00005
    28    0.66250   12.73640    0.00100    0.00050    0.00100    0.00005
    29    0.68750   12.55807    0.00100    0.00050    0.00100    0.00004
    30    0.71250   12.37396    0.00100    0.00050    0.00100    0.00004
    31    0.73750   12.18418    0.00100    0.00050    0.00100    0.00004
    32    0.76250   11.98881    0.00100    0.00050    0.00100    0.00004
    33    0.78750   11.78790    0.00100    0.00050    0.00100    0.00004
    34    0.81250   11.58153    0.00100    0.00050    0.00100    0.00004
    35    0.83750   11.36976    0.00100    0.00050    0.00100    0.00004
    36    0.86250   11.15260    0.00100    0.00050    0.00100    0.00004
    37    0.88750   10.93002    0.00100    0.00050    0.00100    0.00004
    38    0.91250   10.70197    0.00100    0.00050    0.00100    0.00004
    39    0.93750   10.46829    0.00100    0.00050    0.00100    0.00004
    40    0.96250   10.22875    0.00100    0.00050    0.00100    0.00004
    41    0.98750    9.98299    0.00200    0.00050    0.00150    0.00003
    42    1.00000    9.85974    0.00000    0.00200    0.00203    0.00000
     1    0.00000   13.17446    0.00200    0.00000    1.00000    0.00000
     2    0.01250   13.17446    0.00100    0.00100    0.00150    0.00005
     3    0.03750   13.16267    0.00100    0.00050    0.00100    0.00005
     4    0.06250   13.14722    0.00100    0.00050    0.00100    0.00005
     5    0.08750   13.12730    0.00100    0.00050    0.00100    0.00005
     6    0.11250   13.10231    0.00100    0.00050    0.00100    0.00005
     7    0.13750   13.07189    0.00100    0.00050    0.00100    0.00005
     8    0.16250   13.03575    0.00100    0.00050    0.00100    0.00005
     9    0.18750   12.99373    0.00100    0.00050    0.00100    0.00005
    10    0.21250   12.94575    0.00100    0.00050    0.00100    0.00005
    11    0.23750   12.89175    0.00100    0.00050    0.00100    0.00005
    12    0.26250   12.83174    0.00100    0.00050    0.00100    0.00005
    13    0.28750   12.76569    0.00100    0.00050    0.00100    0.00005
    14    0.31250   12.69368    0.00100    0.00050    0.00100    0.00005
    15    0.33750   12.61571    0.00100    0.00050    0.00100    0.00005
    16    0.36250   12.53185    0.00100    0.00050    0.00100    0.00004
    17    0.38750   12.44214    0.00100    0.00050    0.00100    0.00004
    18    0.41250   12.34663    0.00100    0.00050    0.00100    0.00004
    19    0.43750   12.24538    0.00100    0.00050    0.00100    0.00004
    20    0.46250   12.13846    0.00100    0.00050    0.00100    0.00004
    21    0.48750   12.02590    0.00100    0.00050    0.00100    0.00004
    22    0.51250   11.90780    0.00100    0.00050    0.00100    0.00004
    23    0.53750   11.78416    0.00100    0.00050    0.00100    0.00004
    24    0.56250   11.65508    0.00100    0.00050    0.00100    0.00004
    25    0.58750   11.52058    0.00100    0.00050    0.00100    0.00004
    26    0.61250   11.38076    0.00100    0.00050    0.00100    0.00004
    27    0.63750   11.23565    0.00100    0.00050    0.00100    0.00004
    28    0.66250   11.08531    0.00100    0.00050    0.00100    0.00004
    29    0.68750   10.92981    0.00100    0.00050    0.00100    0.00004
    30    0.71250   10.76922    0.00100    0.00050    0.00100    0.00004
    31    0.73750   10.60360    0.00100    0.00050    0.00100    0.00004
    32    0.76250   10.43302    0.00100    0.00050    0.00100    0.00004
    33    0.78750   10.25760    0.00100    0.00050    0.00100    0.00004
    34    0.81250   10.07742    0.00100    0.00050    0.00100    0.00004
    35    0.83750    9.89261    0.00100    0.00050    0.00100    0.00004
    36    0.86250    9.70333    0.00100    0.00050    0.00100    0.00003
    37    0.88750    9.50980    0.00100    0.00050    0.00100    0.00003
    38    0.91250    9.31226    0.00100    0.00050    0.00100    0.00003
    39    0.93750    9.11108    0.00100    0.00050    0.00100    0.00003
    40    0.96250    8.90670    0.00100    0.00050    0.00100    0.00003
    41    0.98750    8.69972    0.00200    0.00050    0.00150    0.00003
    42    1.00000    8.59232    0.00000    0.00200    0.00203    0.00000
     1    0.00000   11.45063    0.00200    0.00000    1.00000    0.00000
     2    0.01250   11.45063    0.00100    0.00100    0.00150    0.00004
     3    0.03750   11.45091    0.00100    0.00050    0.00100    0.00004
     4    0.06250   11.44344    0.00100    0.00050    0.00100    0.00004
     5    0.08750   11.42907    0.00100    0.00050    0.00100    0.00004
     6    0.11250   11.40843    0.00100    0.00050    0.00100    0.00004
     7    0.13750   11.38192    0.00100    0.00050    0.00100    0.00004
     8    0.16250   11.34985    0.00100    0.00050    0.00100    0.00004
     9    0.18750   11.31240    0.00100    0.00050    0.00100    0.00004
    10    0.21250   11.26970    0.00100    0.00050    0.00100    0.00004
    11    0.23750   11.22183    0.00100    0.00050    0.00100    0.00004
    12    0.26250   11.16884    0.00100    0.00050    0.00100    0.00004
    13    0.28750   11.11077    0.00100    0.00050    0.00100    0.00004
    14    0.31250   11.04764    0.00100    0.00050    0.00100    0.00004
    15    0.33750   10.97948    0.00100    0.00050    0.00100    0.00004
    16    0.36250   10.90628    0.00100    0.00050    0.00100    0.00004
    17    0.38750   10.82809    0.00100    0.00050    0.00100    0.00004
    18    0.41250   10.74493    0.00100    0.00050    0.00100    0.00004
    19    0.43750   10.65682    0.00100    0.00050    0.00100    0.00004
    20    0.46250   10.56378    0.00100    0.00050    0.00100    0.00004
    21    0.48750   10.46587    0.00100    0.00050    0.00100    0.00004
    22    0.51250   10.36310    0.00100    0.00050    0.00100    0.00004
    23    0.53750   10.25556    0.00100    0.00050    0.00100    0.00004
    24    0.56250   10.14326    0.00100    0.00050    0.00100    0.00004
    25    0.58750   10.02628    0.00100    0.00050    0.00100    0.00004
    26    0.61250    9.90466    0.00100    0.00050    0.00100    0.00004
    27    0.63750    9.77848    0.00100    0.00050    0.00100    0.00003
    28    0.66250    9.64780    0.00100    0.00050    0.00100    0.00003
    29    0.68750    9.51269    0.00100    0.00050    0.00100    0.00003
    30    0.71250    9.37322    0.00100    0.00050    0.00100    0.00003
    31    0.73750    9.22946    0.00100    0.00050    0.00100    0.00003
    32    0.76250    9.08149    0.00100    0.00050    0.00100    0.00003
    33    0.78750    8.92935    0.00100    0.00050    0.00100    0.00003
    34    0.81250    8.77310    0.00100    0.00050    0.00100    0.00003
    35    0.83750    8.61276    0.00100    0.00050    0.00100    0.00003
    36    0.86250    8.44837    0.00100    0.00050    0.00100    0.00003
    37    0.88750    8.27985    0.00100    0.00050    0.00100    0.00003
    38    0.91250    8.10713    0.00100    0.00050    0.00100    0.00003
    39    0.93750    7.93001    0.00100    0.00050    0.00100    0.00003
    40    0.96250    7.74821    0.00100    0.00050    0.00100    0.00003
    41    0.98750    7.56128    0.00200    0.00050    0.00150    0.00003
    42    1.00000    7.46793    0.00000    0.00200    0.00203    0.00000
     1    0.00000    9.98094    0.00200    0.00000    1.00000    0.00000
     2    0.01250    9.98094    0.00100    0.00100    0.00150    0.00004
     3    0.03750    9.97085    0.00100    0.00050    0.00100    0.00003
     4    0.06250    9.95864    0.00100    0.00050    0.00100    0.00003
     5    0.08750    9.94342    0.00100    0.00050    0.00100    0.00004
     6    0.11250    9.92455    0.00100    0.00050    0.00100    0.00004
     7    0.13750    9.90166    0.00100    0.00050    0.00100    0.00004
     8    0.16250    9.87444    0.00100    0.00050    0.00100    0.00004
     9    0.18750    9.84275    0.00100    0.00050    0.00100    0.00004
    10    0.21250    9.80651    0.00100    0.00050    0.00100    0.00004
    11    0.23750    9.76567    0.00100    0.00050    0.00100    0.00003
    12    0.26250    9.72025    0.00100    0.00050    0.00100    0.00003
    13    0.28750    9.67022    0.00100    0.00050    0.00100    0.00003
    14    0.31250    9.61565    0.00100    0.00050    0.00100    0.00003
    15    0.33750    9.55656    0.00100    0.00050    0.00100    0.00003
    16    0.36250    9.49300    0.00100    0.00050    0.00100    0.00003
    17    0.38750    9.42500    0.00100    0.00050    0.00100    0.00003
    18    0.41250    9.35262    0.00100    0.00050    0.00100    0.00003
    19    0.43750    9.27589    0.00100    0.00050    0.00100    0.00003
    20    0.46250    9.19487    0.00100    0.00050    0.00100    0.00003
    21    0.48750    9.10960    0.00100    0.00050    0.00100    0.00003
    22    0.51250    9.02013    0.00100    0.00050    0.00100    0.00003
    23    0.53750    8.92648    0.00100    0.00050    0.00100    0.00003
    24    0.56250    8.82872    0.00100    0.00050    0.00100    0.00003
    25    0.58750    8.72685    0.00100    0.00050    0.00100    0.00003
    26    0.61250    8.62097    0.00100    0.00050    0.00100    0.00003
    27    0.63750    8.51107    0.00100    0.00050    0.00100    0.00003
    28    0.66250    8.39721    0.00100    0.00050    0.00100    0.00003
    29    0.68750    8.27944    0.00100    0.00050    0.00100    0.00003
    30    0.71250    8.15781    0.00100    0.00050    0.00100    0.00003
    31    0.73750    8.03235    0.00100    0.00050    0.00100    0.00003
    32    0.76250    7.90312    0.00100    0.00050    0.00100    0.00003
    33    0.78750    7.77019    0.00100    0.00050    0.00100    0.00003
    34    0.81250    7.63364    0.00100    0.00050    0.00100    0.00003
    35    0.83750    7.49356    0.00100    0.00050    0.00100    0.00003
    36    0.86250    7.35008    0.00100    0.00050    0.00100    0.00003
    37    0.88750    7.20339    0.00100    0.00050    0.00100    0.00003
    38    0.91250    7.05372    0.00100    0.00050    0.00100    0.00002
    39    0.93750    6.90142    0.00100    0.00050    0.00100    0.00002
    40    0.96250    6.74695    0.00100    0.00050    0.00100    0.00002
    41    0.98750    6.59092    0.00200    0.00050    0.00150    0.00003
    42    1.00000    6.50955    0.00000    0.00200    0.00203    0.00000
