 # I XP T DE ATW ATP BT
     1    0.00000  400.00000    0.24000    0.00000    1.00000  400.00000
     2    0.00625  373.08682    0.12000    0.24000    0.36294    0.82392
     3    0.01875  321.54904    0.12000    0.12000    0.24189    0.45460
     4    0.03125  271.27408    0.12000    0.12000    0.24113    0.23029
     5    0.04375  221.63881    0.12000    0.12000    0.24062    0.10262
     6    0.05625  172.28859    0.12000    0.12000    0.24029    0.03747
     7    0.06875  123.04245    0.12000    0.12000    0.24011    0.00975
     8    0.08125   73.82337    0.12000    0.12000    0.24002    0.00126
     9    0.09375   24.60778    0.24000    0.12000    0.36000    0.00002
    10    0.10000    0.00000    0.00000    0.00000    1.00000    0.00000
