 # I XP T DE ATW ATP BT
     1    0.00000  400.00000    0.95847    0.00000    1.00000  400.00000
     2    0.00157  393.25931    0.47923    0.95847    1.43856    0.25468
     3    0.00470  379.95490    0.47923    0.47923    0.95925    0.22193
     4    0.00783  366.80490    0.47923    0.47923    0.95917    0.19276
     5    0.01096  353.78900    0.47923    0.47923    0.95910    0.16682
     6    0.01409  340.88913    0.47923    0.47923    0.95903    0.14379
     7    0.01722  328.08926    0.47923    0.47923    0.95897    0.12338
     8    0.02035  315.37521    0.47923    0.47923    0.95891    0.10534
     9    0.02348  302.73441    0.47923    0.47923    0.95886    0.08944
    10    0.02661  290.15585    0.47923    0.47923    0.95881    0.07548
    11    0.02974  277.62982    0.47923    0.47923    0.95877    0.06326
    12    0.03287  265.14780    0.47923    0.47923    0.95873    0.05263
    13    0.03599  252.70238    0.47923    0.47923    0.95870    0.04342
    14    0.03913  240.28711    0.47923    0.47923    0.95866    0.03550
    15    0.04225  227.89658    0.47923    0.47923    0.95863    0.02872
    16    0.04539  215.52596    0.47923    0.47923    0.95861    0.02298
    17    0.04851  203.17133    0.47923    0.47923    0.95859    0.01814
    18    0.05165  190.82930    0.47923    0.47923    0.95857    0.01412
    19    0.05477  178.49709    0.47923    0.47923    0.95855    0.01081
    20    0.05791  166.17235    0.47923    0.47923    0.95853    0.00812
    21    0.06103  153.85329    0.47923    0.47923    0.95852    0.00597
    22    0.06417  141.53833    0.47923    0.47923    0.95851    0.00427
    23    0.06729  129.22638    0.47923    0.47923    0.95850    0.00297
    24    0.07043  116.91645    0.47923    0.47923    0.95849    0.00199
    25    0.07356  104.60794    0.47923    0.47923    0.95848    0.00128
    26    0.07669   92.30028    0.47923    0.47923    0.95848    0.00077
    27    0.07982   79.99317    0.47923    0.47923    0.95847    0.00044
    28    0.08295   67.68633    0.47923    0.47923    0.95847    0.00022
    29    0.08608   55.37968    0.47923    0.47923    0.95847    0.00010
    30    0.08921   43.07305    0.47923    0.47923    0.95847    0.00004
    31    0.09234   30.76648    0.47923    0.47923    0.95847    0.00001
    32    0.09547   18.45988    0.47923    0.47923    0.95847    0.00000
    33    0.09860    6.15330    0.95847    0.47923    1.43770    0.00000
    34    0.10016    0.00000    0.00000    0.00000    1.00000    0.00000
