 # I XP T DE ATW ATP BT
     1    0.00000  400.00000    1.92308    0.00000    1.00000  400.00000
     2    0.00078  396.63086    0.96154    1.92308    2.88506    0.13134
     3    0.00234  389.93814    0.96154    0.96154    1.92350    0.12270
     4    0.00390  383.28793    0.96154    0.96154    1.92348    0.11454
     5    0.00546  376.67740    0.96154    0.96154    1.92346    0.10684
     6    0.00702  370.10391    0.96154    0.96154    1.92344    0.09958
     7    0.00858  363.56491    0.96154    0.96154    1.92342    0.09272
     8    0.01014  357.05804    0.96154    0.96154    1.92340    0.08626
     9    0.01170  350.58109    0.96154    0.96154    1.92338    0.08017
    10    0.01326  344.13193    0.96154    0.96154    1.92337    0.07443
    11    0.01482  337.70859    0.96154    0.96154    1.92335    0.06903
    12    0.01638  331.30914    0.96154    0.96154    1.92333    0.06394
    13    0.01794  324.93192    0.96154    0.96154    1.92332    0.05916
    14    0.01950  318.57516    0.96154    0.96154    1.92330    0.05466
    15    0.02106  312.23737    0.96154    0.96154    1.92329    0.05044
    16    0.02262  305.91705    0.96154    0.96154    1.92328    0.04648
    17    0.02418  299.61282    0.96154    0.96154    1.92327    0.04277
    18    0.02574  293.32346    0.96154    0.96154    1.92325    0.03929
    19    0.02730  287.04770    0.96154    0.96154    1.92325    0.03603
    20    0.02886  280.78442    0.96154    0.96154    1.92323    0.03299
    21    0.03042  274.53259    0.96154    0.96154    1.92322    0.03015
    22    0.03198  268.29123    0.96154    0.96154    1.92321    0.02750
    23    0.03354  262.05942    0.96154    0.96154    1.92321    0.02503
    24    0.03510  255.83626    0.96154    0.96154    1.92320    0.02274
    25    0.03666  249.62096    0.96154    0.96154    1.92318    0.02061
    26    0.03822  243.41278    0.96154    0.96154    1.92318    0.01863
    27    0.03978  237.21109    0.96154    0.96154    1.92317    0.01680
    28    0.04134  231.01517    0.96154    0.96154    1.92316    0.01512
    29    0.04290  224.82452    0.96154    0.96154    1.92316    0.01356
    30    0.04446  218.63860    0.96154    0.96154    1.92315    0.01213
    31    0.04602  212.45689    0.96154    0.96154    1.92314    0.01081
    32    0.04758  206.27896    0.96154    0.96154    1.92314    0.00961
    33    0.04914  200.10435    0.96154    0.96154    1.92313    0.00851
    34    0.05070  193.93272    0.96154    0.96154    1.92313    0.00751
    35    0.05226  187.76372    0.96154    0.96154    1.92313    0.00660
    36    0.05382  181.59700    0.96154    0.96154    1.92312    0.00577
    37    0.05538  175.43227    0.96154    0.96154    1.92311    0.00503
    38    0.05694  169.26932    0.96154    0.96154    1.92311    0.00436
    39    0.05850  163.10786    0.96154    0.96154    1.92311    0.00376
    40    0.06006  156.94774    0.96154    0.96154    1.92311    0.00322
    41    0.06162  150.78874    0.96154    0.96154    1.92310    0.00274
    42    0.06318  144.63065    0.96154    0.96154    1.92310    0.00232
    43    0.06474  138.47337    0.96154    0.96154    1.92309    0.00195
    44    0.06630  132.31679    0.96154    0.96154    1.92309    0.00163
    45    0.06786  126.16079    0.96154    0.96154    1.92309    0.00134
    46    0.06942  120.00523    0.96154    0.96154    1.92309    0.00110
    47    0.07098  113.85009    0.96154    0.96154    1.92309    0.00089
    48    0.07254  107.69522    0.96154    0.96154    1.92308    0.00071
    49    0.07410  101.54060    0.96154    0.96154    1.92308    0.00056
    50    0.07566   95.38617    0.96154    0.96154    1.92308    0.00044
    51    0.07722   89.23192    0.96154    0.96154    1.92309    0.00034
    52    0.07878   83.07779    0.96154    0.96154    1.92308    0.00025
    53    0.08034   76.92372    0.96154    0.96154    1.92308    0.00019
    54    0.08190   70.76971    0.96154    0.96154    1.92308    0.00013
    55    0.08346   64.61575    0.96154    0.96154    1.92308    0.00009
    56    0.08502   58.46185    0.96154    0.96154    1.92308    0.00006
    57    0.08658   52.30795    0.96154    0.96154    1.92308    0.00004
    58    0.08814   46.15408    0.96154    0.96154    1.92308    0.00002
    59    0.08970   40.00018    0.96154    0.96154    1.92307    0.00001
    60    0.09126   33.84630    0.96154    0.96154    1.92307    0.00001
    61    0.09282   27.69241    0.96154    0.96154    1.92308    0.00000
    62    0.09438   21.53856    0.96154    0.96154    1.92308    0.00000
    63    0.09594   15.38468    0.96154    0.96154    1.92308    0.00000
    64    0.09750    9.23082    0.96154    0.96154    1.92308    0.00000
    65    0.09906    3.07694    1.92307    0.96154    2.88461    0.00000
    66    0.09984    0.00000    0.00000    0.00000    1.00000    0.00000
