 # I XP T DE ATW ATP BT
     1    0.00000  400.00000    0.48000    0.00000    1.00000  400.00000
     2    0.00313  386.52594    0.24000    0.48000    0.72164    0.47460
     3    0.00938  360.23700    0.24000    0.24000    0.48133    0.35807
     4    0.01562  334.44540    0.24000    0.24000    0.48106    0.26602
     5    0.02188  309.02325    0.24000    0.24000    0.48084    0.19390
     6    0.02812  283.87045    0.24000    0.24000    0.48065    0.13807
     7    0.03438  258.90936    0.24000    0.24000    0.48049    0.09554
     8    0.04062  234.08096    0.24000    0.24000    0.48036    0.06384
     9    0.04688  209.34119    0.24000    0.24000    0.48026    0.04084
    10    0.05313  184.65811    0.24000    0.24000    0.48018    0.02472
    11    0.05938  160.00938    0.24000    0.24000    0.48012    0.01394
    12    0.06562  135.38002    0.24000    0.24000    0.48007    0.00714
    13    0.07188  110.76054    0.24000    0.24000    0.48004    0.00320
    14    0.07812   86.14557    0.24000    0.24000    0.48002    0.00117
    15    0.08438   61.53222    0.24000    0.24000    0.48001    0.00030
    16    0.09063   36.91929    0.24000    0.24000    0.48000    0.00004
    17    0.09687   12.30645    0.48000    0.24000    0.72000    0.00000
    18    0.10000    0.00000    0.00000    0.00000    1.00000    0.00000
