# XP T
5 273.15
4.9375 277.0505644
4.8125 284.4011956
4.6875 291.1895781
4.5625 297.4587183
4.4375 303.2483329
4.3125 308.5951008
4.1875 313.5328952
4.0625 318.0929985
3.9375 322.3043001
3.8125 326.19348
3.6875 329.785177
3.5625 333.1021457
3.4375 336.1654
3.3125 338.9943464
3.1875 341.6069072
3.0625 344.0196335
2.9375 346.2478108
2.8125 348.3055552
2.6875 350.205903
2.5625 351.9608935
2.4375 353.581645
2.3125 355.0784255
2.1875 356.4607175
2.0625 357.7372782
1.9375 358.9161949
1.8125 360.0049365
1.6875 361.0104004
1.5625 361.9389565
1.4375 362.7964875
1.3125 363.5884261
1.1875 364.3197894
1.0625 364.9952109
0.9375 365.6189695
0.8125 366.1950169
0.6875 366.7270025
0.5625 367.2182966
0.4375 367.6720117
0.3125 368.0910222
0.1875 368.4779826
0.0625 368.8353445
0 369.0036404
