# XP T
0 273.15
0.0625 277.0505644
0.1875 284.4011956
0.3125 291.1895781
0.4375 297.4587183
0.5625 303.2483329
0.6875 308.5951008
0.8125 313.5328952
0.9375 318.0929985
1.0625 322.3043001
1.1875 326.19348
1.3125 329.785177
1.4375 333.1021457
1.5625 336.1654
1.6875 338.9943464
1.8125 341.6069072
1.9375 344.0196335
2.0625 346.2478108
2.1875 348.3055552
2.3125 350.205903
2.4375 351.9608935
2.5625 353.581645
2.6875 355.0784255
2.8125 356.4607175
2.9375 357.7372782
3.0625 358.9161949
3.1875 360.0049365
3.3125 361.0104004
3.4375 361.9389565
3.5625 362.7964875
3.6875 363.5884261
3.8125 364.3197894
3.9375 364.9952109
4.0625 365.6189695
4.1875 366.1950169
4.3125 366.7270025
4.4375 367.2182966
4.5625 367.6720117
4.6875 368.0910222
4.8125 368.4779826
4.9375 368.8353445
5 369.0036404
