 # I XP T DE ATW ATP BT
     1       0.0000     273.1500       0.0000       0.0000       1.0000     273.1500
     2       0.1250     280.7830       0.0000       0.1500       0.1739       7.8478
     3       0.3750     294.3509       0.0000       0.1500       0.1739       9.0619
     4       0.6250     305.9341       0.0000       0.1500       0.1739       9.0408
     5       0.8750     315.8160       0.0000       0.1500       0.1739       9.0215
     6       1.1250     324.2454       0.0000       0.1500       0.1739       9.0048
     7       1.3750     331.4354       0.0000       0.1500       0.1739       8.9905
     8       1.6250     337.5683       0.0000       0.1500       0.1739       8.9784
     9       1.8750     342.7996       0.0000       0.1500       0.1739       8.9680
    10       2.1250     347.2617       0.0000       0.1500       0.1739       8.9592
    11       2.3750     351.0679       0.0000       0.1500       0.1739       8.9516
    12       2.6250     354.3144       0.0000       0.1500       0.1739       8.9452
    13       2.8750     357.0839       0.0000       0.1500       0.1739       8.9398
    14       3.1250     359.4451       0.0000       0.1500       0.1739       8.9349
    15       3.3750     361.4621       0.0000       0.1500       0.1739       8.9314
    16       3.6250     363.1755       0.0000       0.1500       0.1739       8.9268
    17       3.8750     364.6538       0.0000       0.1500       0.1739       8.9268
    18       4.1250     365.8741       0.0000       0.1500       0.1739       8.9172
    19       4.3750     367.0143       0.0000       0.1500       0.1739       8.9324
    20       4.6250     367.7445       0.0000       0.1500       0.1739       8.8884
    21       4.8750     368.9580       0.0000       0.1500       0.0239       8.9898
    22       5.0000     368.9580       0.0000       1.0000       1.0000       0.0000
