 # I XP T DE ATW ATP BT
     1       0.0000     273.1500       0.0000       0.0000       1.0000     273.1500
     2       0.1250     286.8797       0.0000       0.1500       0.1739       8.9079
     3       0.3750     298.7243       0.0000       0.1500       0.1739       8.9079
     4       0.6250     308.9427       0.0000       0.1500       0.1739       8.9079
     5       0.8750     317.7581       0.0000       0.1500       0.1739       8.9079
     6       1.1250     325.3632       0.0000       0.1500       0.1739       8.9079
     7       1.3750     331.9242       0.0000       0.1500       0.1739       8.9079
     8       1.6250     337.5843       0.0000       0.1500       0.1739       8.9079
     9       1.8750     342.4673       0.0000       0.1500       0.1739       8.9079
    10       2.1250     346.6799       0.0000       0.1500       0.1739       8.9079
    11       2.3750     350.3142       0.0000       0.1500       0.1739       8.9079
    12       2.6250     353.4495       0.0000       0.1500       0.1739       8.9079
    13       2.8750     356.1543       0.0000       0.1500       0.1739       8.9079
    14       3.1250     358.4877       0.0000       0.1500       0.1739       8.9079
    15       3.3750     360.5007       0.0000       0.1500       0.1739       8.9079
    16       3.6250     362.2374       0.0000       0.1500       0.1739       8.9079
    17       3.8750     363.7357       0.0000       0.1500       0.1739       8.9079
    18       4.1250     365.0282       0.0000       0.1500       0.1739       8.9079
    19       4.3750     366.1433       0.0000       0.1500       0.1739       8.9079
    20       4.6250     367.1053       0.0000       0.1500       0.1739       8.9079
    21       4.8750     367.9353       0.0000       0.1500       0.0239       8.9079
    22       5.0000     367.9352       0.0000       1.0000       1.0000       0.0000
