 # I XP T DE ATW ATP BT
     1       0.0000     273.1500       0.0000       0.0000       1.0000     273.1500
     2       0.1250     281.0442       0.0000       0.1500       0.1739       7.8932
     3       0.3750     294.5728       0.0000       0.1500       0.1739       9.0614
     4       0.6250     306.0542       0.0000       0.1500       0.1739       9.0283
     5       0.8750     315.9294       0.0000       0.1500       0.1739       9.0232
     6       1.1250     324.2668       0.0000       0.1500       0.1739       8.9915
     7       1.3750     331.4887       0.0000       0.1500       0.1739       8.9966
     8       1.6250     337.5273       0.0000       0.1500       0.1739       8.9632
     9       1.8750     342.8272       0.0000       0.1500       0.1739       8.9790
    10       2.1250     347.1788       0.0000       0.1500       0.1739       8.9406
    11       2.3750     351.0936       0.0000       0.1500       0.1739       8.9685
    12       2.6250     354.1992       0.0000       0.1500       0.1739       8.9213
    13       2.8750     357.1255       0.0000       0.1500       0.1739       8.9643
    14       3.1250     359.2997       0.0000       0.1500       0.1739       8.9034
    15       3.3750     361.5339       0.0000       0.1500       0.1739       8.9657
    16       3.6250     362.9970       0.0000       0.1500       0.1739       8.8850
    17       3.8750     364.7655       0.0000       0.1500       0.1739       8.9730
    18       4.1250     365.6656       0.0000       0.1500       0.1739       8.8642
    19       4.3750     367.1477       0.0000       0.1500       0.1739       8.9869
    20       4.6250     367.5761       0.0000       0.1500       0.1739       8.8391
    21       4.8750     368.9218       0.0000       0.1500       0.0239       9.0088
    22       5.0000     368.9218       0.0000       1.0000       1.0000       0.0000
