              IB =     2
              IE =    66
           IDTYP =     1
              DI =   1.54000D-03
 
             RHO =   7.80000D+03
            COND =   1.00000D-01
              CP =   1.20000D+00
            VISC =   1.00000D-03
            EMIS =   1.00000D+00 
              T0 =   4.00000D+02
           DTIME =   1.00000D+10
           KNTTM =     1
           KNTNL =   100
            CRIT =   1.00000D-05
 
          LVLGEO =     1
          LVLCOF =     1
           HCONV =   0.00000D+00
            TINF =   0.00000D+00
 
 
  XE     
   0.000E+00  1.540E-03  3.080E-03  4.620E-03  6.160E-03  7.700E-03  9.240E-03
 I->       1          2          3          4          5          6          7
   1.078E-02  1.232E-02  1.386E-02  1.540E-02  1.694E-02  1.848E-02  2.002E-02
 I->       8          9         10         11         12         13         14
   2.156E-02  2.310E-02  2.464E-02  2.618E-02  2.772E-02  2.926E-02  3.080E-02
 I->      15         16         17         18         19         20         21
   3.234E-02  3.388E-02  3.542E-02  3.696E-02  3.850E-02  4.004E-02  4.158E-02
 I->      22         23         24         25         26         27         28
   4.312E-02  4.466E-02  4.620E-02  4.774E-02  4.928E-02  5.082E-02  5.236E-02
 I->      29         30         31         32         33         34         35
   5.390E-02  5.544E-02  5.698E-02  5.852E-02  6.006E-02  6.160E-02  6.314E-02
 I->      36         37         38         39         40         41         42
   6.468E-02  6.622E-02  6.776E-02  6.930E-02  7.084E-02  7.238E-02  7.392E-02
 I->      43         44         45         46         47         48         49
   7.546E-02  7.700E-02  7.854E-02  8.008E-02  8.162E-02  8.316E-02  8.470E-02
 I->      50         51         52         53         54         55         56
   8.624E-02  8.778E-02  8.932E-02  9.086E-02  9.240E-02  9.394E-02  9.548E-02
 I->      57         58         59         60         61         62         63
   9.702E-02  9.856E-02  1.001E-01  0.000E+00
 I->      64         65         66         67
 
  YNE    
   2.500E-03  2.500E-03  2.500E-03  2.500E-03  2.500E-03  2.500E-03  2.500E-03
 I->       1          2          3          4          5          6          7
   2.500E-03  2.500E-03  2.500E-03  2.500E-03  2.500E-03  2.500E-03  2.500E-03
 I->       8          9         10         11         12         13         14
   2.500E-03  2.500E-03  2.500E-03  2.500E-03  2.500E-03  2.500E-03  2.500E-03
 I->      15         16         17         18         19         20         21
   2.500E-03  2.500E-03  2.500E-03  2.500E-03  2.500E-03  2.500E-03  2.500E-03
 I->      22         23         24         25         26         27         28
   2.500E-03  2.500E-03  2.500E-03  2.500E-03  2.500E-03  2.500E-03  2.500E-03
 I->      29         30         31         32         33         34         35
   2.500E-03  2.500E-03  2.500E-03  2.500E-03  2.500E-03  2.500E-03  2.500E-03
 I->      36         37         38         39         40         41         42
   2.500E-03  2.500E-03  2.500E-03  2.500E-03  2.500E-03  2.500E-03  2.500E-03
 I->      43         44         45         46         47         48         49
   2.500E-03  2.500E-03  2.500E-03  2.500E-03  2.500E-03  2.500E-03  2.500E-03
 I->      50         51         52         53         54         55         56
   2.500E-03  2.500E-03  2.500E-03  2.500E-03  2.500E-03  2.500E-03  2.500E-03
 I->      57         58         59         60         61         62         63
   2.500E-03  2.500E-03  2.500E-03  0.000E+00
 I->      64         65         66         67
 
  ZUE    
   2.500E-03  2.500E-03  2.500E-03  2.500E-03  2.500E-03  2.500E-03  2.500E-03
 I->       1          2          3          4          5          6          7
   2.500E-03  2.500E-03  2.500E-03  2.500E-03  2.500E-03  2.500E-03  2.500E-03
 I->       8          9         10         11         12         13         14
   2.500E-03  2.500E-03  2.500E-03  2.500E-03  2.500E-03  2.500E-03  2.500E-03
 I->      15         16         17         18         19         20         21
   2.500E-03  2.500E-03  2.500E-03  2.500E-03  2.500E-03  2.500E-03  2.500E-03
 I->      22         23         24         25         26         27         28
   2.500E-03  2.500E-03  2.500E-03  2.500E-03  2.500E-03  2.500E-03  2.500E-03
 I->      29         30         31         32         33         34         35
   2.500E-03  2.500E-03  2.500E-03  2.500E-03  2.500E-03  2.500E-03  2.500E-03
 I->      36         37         38         39         40         41         42
   2.500E-03  2.500E-03  2.500E-03  2.500E-03  2.500E-03  2.500E-03  2.500E-03
 I->      43         44         45         46         47         48         49
   2.500E-03  2.500E-03  2.500E-03  2.500E-03  2.500E-03  2.500E-03  2.500E-03
 I->      50         51         52         53         54         55         56
   2.500E-03  2.500E-03  2.500E-03  2.500E-03  2.500E-03  2.500E-03  2.500E-03
 I->      57         58         59         60         61         62         63
   2.500E-03  2.500E-03  2.500E-03  0.000E+00
 I->      64         65         66         67
 
  XP     
   0.000E+00  7.700E-04  2.310E-03  3.850E-03  5.390E-03  6.930E-03  8.470E-03
 I->       1          2          3          4          5          6          7
   1.001E-02  1.155E-02  1.309E-02  1.463E-02  1.617E-02  1.771E-02  1.925E-02
 I->       8          9         10         11         12         13         14
   2.079E-02  2.233E-02  2.387E-02  2.541E-02  2.695E-02  2.849E-02  3.003E-02
 I->      15         16         17         18         19         20         21
   3.157E-02  3.311E-02  3.465E-02  3.619E-02  3.773E-02  3.927E-02  4.081E-02
 I->      22         23         24         25         26         27         28
   4.235E-02  4.389E-02  4.543E-02  4.697E-02  4.851E-02  5.005E-02  5.159E-02
 I->      29         30         31         32         33         34         35
   5.313E-02  5.467E-02  5.621E-02  5.775E-02  5.929E-02  6.083E-02  6.237E-02
 I->      36         37         38         39         40         41         42
   6.391E-02  6.545E-02  6.699E-02  6.853E-02  7.007E-02  7.161E-02  7.315E-02
 I->      43         44         45         46         47         48         49
   7.469E-02  7.623E-02  7.777E-02  7.931E-02  8.085E-02  8.239E-02  8.393E-02
 I->      50         51         52         53         54         55         56
   8.547E-02  8.701E-02  8.855E-02  9.009E-02  9.163E-02  9.317E-02  9.471E-02
 I->      57         58         59         60         61         62         63
   9.625E-02  9.779E-02  9.933E-02  1.001E-01
 I->      64         65         66         67
 
  DIEP   
   7.700E-04  1.540E-03  1.540E-03  1.540E-03  1.540E-03  1.540E-03  1.540E-03
 I->       1          2          3          4          5          6          7
   1.540E-03  1.540E-03  1.540E-03  1.540E-03  1.540E-03  1.540E-03  1.540E-03
 I->       8          9         10         11         12         13         14
   1.540E-03  1.540E-03  1.540E-03  1.540E-03  1.540E-03  1.540E-03  1.540E-03
 I->      15         16         17         18         19         20         21
   1.540E-03  1.540E-03  1.540E-03  1.540E-03  1.540E-03  1.540E-03  1.540E-03
 I->      22         23         24         25         26         27         28
   1.540E-03  1.540E-03  1.540E-03  1.540E-03  1.540E-03  1.540E-03  1.540E-03
 I->      29         30         31         32         33         34         35
   1.540E-03  1.540E-03  1.540E-03  1.540E-03  1.540E-03  1.540E-03  1.540E-03
 I->      36         37         38         39         40         41         42
   1.540E-03  1.540E-03  1.540E-03  1.540E-03  1.540E-03  1.540E-03  1.540E-03
 I->      43         44         45         46         47         48         49
   1.540E-03  1.540E-03  1.540E-03  1.540E-03  1.540E-03  1.540E-03  1.540E-03
 I->      50         51         52         53         54         55         56
   1.540E-03  1.540E-03  1.540E-03  1.540E-03  1.540E-03  1.540E-03  1.540E-03
 I->      57         58         59         60         61         62         63
   1.540E-03  1.540E-03  7.700E-04
 I->      64         65         66
 
  DISE   
   0.000E+00  7.700E-04  7.700E-04  7.700E-04  7.700E-04  7.700E-04  7.700E-04
 I->       1          2          3          4          5          6          7
   7.700E-04  7.700E-04  7.700E-04  7.700E-04  7.700E-04  7.700E-04  7.700E-04
 I->       8          9         10         11         12         13         14
   7.700E-04  7.700E-04  7.700E-04  7.700E-04  7.700E-04  7.700E-04  7.700E-04
 I->      15         16         17         18         19         20         21
   7.700E-04  7.700E-04  7.700E-04  7.700E-04  7.700E-04  7.700E-04  7.700E-04
 I->      22         23         24         25         26         27         28
   7.700E-04  7.700E-04  7.700E-04  7.700E-04  7.700E-04  7.700E-04  7.700E-04
 I->      29         30         31         32         33         34         35
   7.700E-04  7.700E-04  7.700E-04  7.700E-04  7.700E-04  7.700E-04  7.700E-04
 I->      36         37         38         39         40         41         42
   7.700E-04  7.700E-04  7.700E-04  7.700E-04  7.700E-04  7.700E-04  7.700E-04
 I->      43         44         45         46         47         48         49
   7.700E-04  7.700E-04  7.700E-04  7.700E-04  7.700E-04  7.700E-04  7.700E-04
 I->      50         51         52         53         54         55         56
   7.700E-04  7.700E-04  7.700E-04  7.700E-04  7.700E-04  7.700E-04  7.700E-04
 I->      57         58         59         60         61         62         63
   7.700E-04  7.700E-04  7.700E-04
 I->      64         65         66
 
  AREP   
   2.500E-05  2.500E-05  2.500E-05  2.500E-05  2.500E-05  2.500E-05  2.500E-05
 I->       1          2          3          4          5          6          7
   2.500E-05  2.500E-05  2.500E-05  2.500E-05  2.500E-05  2.500E-05  2.500E-05
 I->       8          9         10         11         12         13         14
   2.500E-05  2.500E-05  2.500E-05  2.500E-05  2.500E-05  2.500E-05  2.500E-05
 I->      15         16         17         18         19         20         21
   2.500E-05  2.500E-05  2.500E-05  2.500E-05  2.500E-05  2.500E-05  2.500E-05
 I->      22         23         24         25         26         27         28
   2.500E-05  2.500E-05  2.500E-05  2.500E-05  2.500E-05  2.500E-05  2.500E-05
 I->      29         30         31         32         33         34         35
   2.500E-05  2.500E-05  2.500E-05  2.500E-05  2.500E-05  2.500E-05  2.500E-05
 I->      36         37         38         39         40         41         42
   2.500E-05  2.500E-05  2.500E-05  2.500E-05  2.500E-05  2.500E-05  2.500E-05
 I->      43         44         45         46         47         48         49
   2.500E-05  2.500E-05  2.500E-05  2.500E-05  2.500E-05  2.500E-05  2.500E-05
 I->      50         51         52         53         54         55         56
   2.500E-05  2.500E-05  2.500E-05  2.500E-05  2.500E-05  2.500E-05  2.500E-05
 I->      57         58         59         60         61         62         63
   2.500E-05  2.500E-05  2.500E-05  1.504E+12
 I->      64         65         66         67
 
  ARO    
   3.080E-05  3.080E-05  3.080E-05  3.080E-05  3.080E-05  3.080E-05  3.080E-05
 I->       2          3          4          5          6          7          8
   3.080E-05  3.080E-05  3.080E-05  3.080E-05  3.080E-05  3.080E-05  3.080E-05
 I->       9         10         11         12         13         14         15
   3.080E-05  3.080E-05  3.080E-05  3.080E-05  3.080E-05  3.080E-05  3.080E-05
 I->      16         17         18         19         20         21         22
   3.080E-05  3.080E-05  3.080E-05  3.080E-05  3.080E-05  3.080E-05  3.080E-05
 I->      23         24         25         26         27         28         29
   3.080E-05  3.080E-05  3.080E-05  3.080E-05  3.080E-05  3.080E-05  3.080E-05
 I->      30         31         32         33         34         35         36
   3.080E-05  3.080E-05  3.080E-05  3.080E-05  3.080E-05  3.080E-05  3.080E-05
 I->      37         38         39         40         41         42         43
   3.080E-05  3.080E-05  3.080E-05  3.080E-05  3.080E-05  3.080E-05  3.080E-05
 I->      44         45         46         47         48         49         50
   3.080E-05  3.080E-05  3.080E-05  3.080E-05  3.080E-05  3.080E-05  3.080E-05
 I->      51         52         53         54         55         56         57
   3.080E-05  3.080E-05  3.080E-05  3.080E-05  3.080E-05  3.080E-05  3.080E-05
 I->      58         59         60         61         62         63         64
   3.080E-05  3.080E-05
 I->      65         66
 
  VOLP   
   1.065E-43  3.850E-08  3.850E-08  3.850E-08  3.850E-08  3.850E-08  3.850E-08
 I->       1          2          3          4          5          6          7
   3.850E-08  3.850E-08  3.850E-08  3.850E-08  3.850E-08  3.850E-08  3.850E-08
 I->       8          9         10         11         12         13         14
   3.850E-08  3.850E-08  3.850E-08  3.850E-08  3.850E-08  3.850E-08  3.850E-08
 I->      15         16         17         18         19         20         21
   3.850E-08  3.850E-08  3.850E-08  3.850E-08  3.850E-08  3.850E-08  3.850E-08
 I->      22         23         24         25         26         27         28
   3.850E-08  3.850E-08  3.850E-08  3.850E-08  3.850E-08  3.850E-08  3.850E-08
 I->      29         30         31         32         33         34         35
   3.850E-08  3.850E-08  3.850E-08  3.850E-08  3.850E-08  3.850E-08  3.850E-08
 I->      36         37         38         39         40         41         42
   3.850E-08  3.850E-08  3.850E-08  3.850E-08  3.850E-08  3.850E-08  3.850E-08
 I->      43         44         45         46         47         48         49
   3.850E-08  3.850E-08  3.850E-08  3.850E-08  3.850E-08  3.850E-08  3.850E-08
 I->      50         51         52         53         54         55         56
   3.850E-08  3.850E-08  3.850E-08  3.850E-08  3.850E-08  3.850E-08  3.850E-08
 I->      57         58         59         60         61         62         63
   3.850E-08  3.850E-08  3.850E-08  1.457E+12
 I->      64         65         66         67
 
 T(init)D
   4.000E+02  4.000E+02  4.000E+02  4.000E+02  4.000E+02  4.000E+02  4.000E+02
 I->       1          2          3          4          5          6          7
   4.000E+02  4.000E+02  4.000E+02  4.000E+02  4.000E+02  4.000E+02  4.000E+02
 I->       8          9         10         11         12         13         14
   4.000E+02  4.000E+02  4.000E+02  4.000E+02  4.000E+02  4.000E+02  4.000E+02
 I->      15         16         17         18         19         20         21
   4.000E+02  4.000E+02  4.000E+02  4.000E+02  4.000E+02  4.000E+02  4.000E+02
 I->      22         23         24         25         26         27         28
   4.000E+02  4.000E+02  4.000E+02  4.000E+02  4.000E+02  4.000E+02  4.000E+02
 I->      29         30         31         32         33         34         35
   4.000E+02  4.000E+02  4.000E+02  4.000E+02  4.000E+02  4.000E+02  4.000E+02
 I->      36         37         38         39         40         41         42
   4.000E+02  4.000E+02  4.000E+02  4.000E+02  4.000E+02  4.000E+02  4.000E+02
 I->      43         44         45         46         47         48         49
   4.000E+02  4.000E+02  4.000E+02  4.000E+02  4.000E+02  4.000E+02  4.000E+02
 I->      50         51         52         53         54         55         56
   4.000E+02  4.000E+02  4.000E+02  4.000E+02  4.000E+02  4.000E+02  4.000E+02
 I->      57         58         59         60         61         62         63
   4.000E+02  4.000E+02  4.000E+02  4.000E+02
 I->      64         65         66         67
 
  DE     
   3.247E-03  1.623E-03  1.623E-03  1.623E-03  1.623E-03  1.623E-03  1.623E-03
 I->       1          2          3          4          5          6          7
   1.623E-03  1.623E-03  1.623E-03  1.623E-03  1.623E-03  1.623E-03  1.623E-03
 I->       8          9         10         11         12         13         14
   1.623E-03  1.623E-03  1.623E-03  1.623E-03  1.623E-03  1.623E-03  1.623E-03
 I->      15         16         17         18         19         20         21
   1.623E-03  1.623E-03  1.623E-03  1.623E-03  1.623E-03  1.623E-03  1.623E-03
 I->      22         23         24         25         26         27         28
   1.623E-03  1.623E-03  1.623E-03  1.623E-03  1.623E-03  1.623E-03  1.623E-03
 I->      29         30         31         32         33         34         35
   1.623E-03  1.623E-03  1.623E-03  1.623E-03  1.623E-03  1.623E-03  1.623E-03
 I->      36         37         38         39         40         41         42
   1.623E-03  1.623E-03  1.623E-03  1.623E-03  1.623E-03  1.623E-03  1.623E-03
 I->      43         44         45         46         47         48         49
   1.623E-03  1.623E-03  1.623E-03  1.623E-03  1.623E-03  1.623E-03  1.623E-03
 I->      50         51         52         53         54         55         56
   1.623E-03  1.623E-03  1.623E-03  1.623E-03  1.623E-03  1.623E-03  1.623E-03
 I->      57         58         59         60         61         62         63
   1.623E-03  1.623E-03  3.247E-03
 I->      64         65         66
 
  ATW    
   0.000E+00  3.247E-03  1.623E-03  1.623E-03  1.623E-03  1.623E-03  1.623E-03
 I->       1          2          3          4          5          6          7
   1.623E-03  1.623E-03  1.623E-03  1.623E-03  1.623E-03  1.623E-03  1.623E-03
 I->       8          9         10         11         12         13         14
   1.623E-03  1.623E-03  1.623E-03  1.623E-03  1.623E-03  1.623E-03  1.623E-03
 I->      15         16         17         18         19         20         21
   1.623E-03  1.623E-03  1.623E-03  1.623E-03  1.623E-03  1.623E-03  1.623E-03
 I->      22         23         24         25         26         27         28
   1.623E-03  1.623E-03  1.623E-03  1.623E-03  1.623E-03  1.623E-03  1.623E-03
 I->      29         30         31         32         33         34         35
   1.623E-03  1.623E-03  1.623E-03  1.623E-03  1.623E-03  1.623E-03  1.623E-03
 I->      36         37         38         39         40         41         42
   1.623E-03  1.623E-03  1.623E-03  1.623E-03  1.623E-03  1.623E-03  1.623E-03
 I->      43         44         45         46         47         48         49
   1.623E-03  1.623E-03  1.623E-03  1.623E-03  1.623E-03  1.623E-03  1.623E-03
 I->      50         51         52         53         54         55         56
   1.623E-03  1.623E-03  1.623E-03  1.623E-03  1.623E-03  1.623E-03  1.623E-03
 I->      57         58         59         60         61         62         63
   1.623E-03  1.623E-03  1.623E-03  0.000E+00
 I->      64         65         66         67
 
  ATP    
   1.000E+00  5.317E-03  3.694E-03  3.694E-03  3.694E-03  3.694E-03  3.694E-03
 I->       1          2          3          4          5          6          7
   3.694E-03  3.694E-03  3.694E-03  3.694E-03  3.694E-03  3.694E-03  3.694E-03
 I->       8          9         10         11         12         13         14
   3.694E-03  3.694E-03  3.694E-03  3.694E-03  3.694E-03  3.694E-03  3.694E-03
 I->      15         16         17         18         19         20         21
   3.694E-03  3.694E-03  3.694E-03  3.694E-03  3.694E-03  3.694E-03  3.694E-03
 I->      22         23         24         25         26         27         28
   3.694E-03  3.694E-03  3.694E-03  3.694E-03  3.694E-03  3.694E-03  3.694E-03
 I->      29         30         31         32         33         34         35
   3.694E-03  3.694E-03  3.694E-03  3.694E-03  3.694E-03  3.694E-03  3.694E-03
 I->      36         37         38         39         40         41         42
   3.694E-03  3.694E-03  3.694E-03  3.694E-03  3.694E-03  3.694E-03  3.694E-03
 I->      43         44         45         46         47         48         49
   3.694E-03  3.694E-03  3.694E-03  3.694E-03  3.694E-03  3.694E-03  3.694E-03
 I->      50         51         52         53         54         55         56
   3.694E-03  3.694E-03  3.694E-03  3.694E-03  3.694E-03  3.694E-03  3.694E-03
 I->      57         58         59         60         61         62         63
   3.694E-03  3.694E-03  5.317E-03  1.000E+00
 I->      64         65         66         67
 
  ATE    
   0.000E+00  1.623E-03  1.623E-03  1.623E-03  1.623E-03  1.623E-03  1.623E-03
 I->       1          2          3          4          5          6          7
   1.623E-03  1.623E-03  1.623E-03  1.623E-03  1.623E-03  1.623E-03  1.623E-03
 I->       8          9         10         11         12         13         14
   1.623E-03  1.623E-03  1.623E-03  1.623E-03  1.623E-03  1.623E-03  1.623E-03
 I->      15         16         17         18         19         20         21
   1.623E-03  1.623E-03  1.623E-03  1.623E-03  1.623E-03  1.623E-03  1.623E-03
 I->      22         23         24         25         26         27         28
   1.623E-03  1.623E-03  1.623E-03  1.623E-03  1.623E-03  1.623E-03  1.623E-03
 I->      29         30         31         32         33         34         35
   1.623E-03  1.623E-03  1.623E-03  1.623E-03  1.623E-03  1.623E-03  1.623E-03
 I->      36         37         38         39         40         41         42
   1.623E-03  1.623E-03  1.623E-03  1.623E-03  1.623E-03  1.623E-03  1.623E-03
 I->      43         44         45         46         47         48         49
   1.623E-03  1.623E-03  1.623E-03  1.623E-03  1.623E-03  1.623E-03  1.623E-03
 I->      50         51         52         53         54         55         56
   1.623E-03  1.623E-03  1.623E-03  1.623E-03  1.623E-03  1.623E-03  1.623E-03
 I->      57         58         59         60         61         62         63
   1.623E-03  1.623E-03  3.247E-03  0.000E+00
 I->      64         65         66         67
 
  BT     
   4.000E+02  1.341E-01  1.341E-01  1.341E-01  1.341E-01  1.341E-01  1.341E-01
 I->       1          2          3          4          5          6          7
   1.341E-01  1.341E-01  1.341E-01  1.341E-01  1.341E-01  1.341E-01  1.341E-01
 I->       8          9         10         11         12         13         14
   1.341E-01  1.341E-01  1.341E-01  1.341E-01  1.341E-01  1.341E-01  1.341E-01
 I->      15         16         17         18         19         20         21
   1.341E-01  1.341E-01  1.341E-01  1.341E-01  1.341E-01  1.341E-01  1.341E-01
 I->      22         23         24         25         26         27         28
   1.341E-01  1.341E-01  1.341E-01  1.341E-01  1.341E-01  1.341E-01  1.341E-01
 I->      29         30         31         32         33         34         35
   1.341E-01  1.341E-01  1.341E-01  1.341E-01  1.341E-01  1.341E-01  1.341E-01
 I->      36         37         38         39         40         41         42
   1.341E-01  1.341E-01  1.341E-01  1.341E-01  1.341E-01  1.341E-01  1.341E-01
 I->      43         44         45         46         47         48         49
   1.341E-01  1.341E-01  1.341E-01  1.341E-01  1.341E-01  1.341E-01  1.341E-01
 I->      50         51         52         53         54         55         56
   1.341E-01  1.341E-01  1.341E-01  1.341E-01  1.341E-01  1.341E-01  1.341E-01
 I->      57         58         59         60         61         62         63
   1.341E-01  1.341E-01  1.341E-01  0.000E+00
 I->      64         65         66         67
 
  T      
   4.000E+02  3.746E+02  3.444E+02  3.264E+02  3.157E+02  3.094E+02  3.056E+02
 I->       1          2          3          4          5          6          7
   3.033E+02  3.020E+02  3.012E+02  3.007E+02  3.004E+02  3.002E+02  3.001E+02
 I->       8          9         10         11         12         13         14
   3.001E+02  3.001E+02  3.000E+02  3.000E+02  3.000E+02  3.000E+02  3.000E+02
 I->      15         16         17         18         19         20         21
   3.000E+02  3.000E+02  3.000E+02  3.000E+02  3.000E+02  3.000E+02  3.000E+02
 I->      22         23         24         25         26         27         28
   3.000E+02  3.000E+02  3.000E+02  3.000E+02  3.000E+02  3.000E+02  3.000E+02
 I->      29         30         31         32         33         34         35
   3.000E+02  3.000E+02  3.000E+02  3.000E+02  3.000E+02  3.000E+02  3.000E+02
 I->      36         37         38         39         40         41         42
   3.000E+02  3.000E+02  3.000E+02  3.000E+02  3.000E+02  3.000E+02  3.000E+02
 I->      43         44         45         46         47         48         49
   2.999E+02  2.999E+02  2.998E+02  2.997E+02  2.996E+02  2.993E+02  2.988E+02
 I->      50         51         52         53         54         55         56
   2.979E+02  2.965E+02  2.941E+02  2.901E+02  2.833E+02  2.719E+02  2.528E+02
 I->      57         58         59         60         61         62         63
   2.207E+02  1.668E+02  7.614E+01  0.000E+00
 I->      64         65         66         67
 
  DE     
   3.247E-03  1.623E-03  1.623E-03  1.623E-03  1.623E-03  1.623E-03  1.623E-03
 I->       1          2          3          4          5          6          7
   1.623E-03  1.623E-03  1.623E-03  1.623E-03  1.623E-03  1.623E-03  1.623E-03
 I->       8          9         10         11         12         13         14
   1.623E-03  1.623E-03  1.623E-03  1.623E-03  1.623E-03  1.623E-03  1.623E-03
 I->      15         16         17         18         19         20         21
   1.623E-03  1.623E-03  1.623E-03  1.623E-03  1.623E-03  1.623E-03  1.623E-03
 I->      22         23         24         25         26         27         28
   1.623E-03  1.623E-03  1.623E-03  1.623E-03  1.623E-03  1.623E-03  1.623E-03
 I->      29         30         31         32         33         34         35
   1.623E-03  1.623E-03  1.623E-03  1.623E-03  1.623E-03  1.623E-03  1.623E-03
 I->      36         37         38         39         40         41         42
   1.623E-03  1.623E-03  1.623E-03  1.623E-03  1.623E-03  1.623E-03  1.623E-03
 I->      43         44         45         46         47         48         49
   1.623E-03  1.623E-03  1.623E-03  1.623E-03  1.623E-03  1.623E-03  1.623E-03
 I->      50         51         52         53         54         55         56
   1.623E-03  1.623E-03  1.623E-03  1.623E-03  1.623E-03  1.623E-03  1.623E-03
 I->      57         58         59         60         61         62         63
   1.623E-03  1.623E-03  3.247E-03
 I->      64         65         66
 
  ATW    
   0.000E+00  3.247E-03  1.623E-03  1.623E-03  1.623E-03  1.623E-03  1.623E-03
 I->       1          2          3          4          5          6          7
   1.623E-03  1.623E-03  1.623E-03  1.623E-03  1.623E-03  1.623E-03  1.623E-03
 I->       8          9         10         11         12         13         14
   1.623E-03  1.623E-03  1.623E-03  1.623E-03  1.623E-03  1.623E-03  1.623E-03
 I->      15         16         17         18         19         20         21
   1.623E-03  1.623E-03  1.623E-03  1.623E-03  1.623E-03  1.623E-03  1.623E-03
 I->      22         23         24         25         26         27         28
   1.623E-03  1.623E-03  1.623E-03  1.623E-03  1.623E-03  1.623E-03  1.623E-03
 I->      29         30         31         32         33         34         35
   1.623E-03  1.623E-03  1.623E-03  1.623E-03  1.623E-03  1.623E-03  1.623E-03
 I->      36         37         38         39         40         41         42
   1.623E-03  1.623E-03  1.623E-03  1.623E-03  1.623E-03  1.623E-03  1.623E-03
 I->      43         44         45         46         47         48         49
   1.623E-03  1.623E-03  1.623E-03  1.623E-03  1.623E-03  1.623E-03  1.623E-03
 I->      50         51         52         53         54         55         56
   1.623E-03  1.623E-03  1.623E-03  1.623E-03  1.623E-03  1.623E-03  1.623E-03
 I->      57         58         59         60         61         62         63
   1.623E-03  1.623E-03  1.623E-03  0.000E+00
 I->      64         65         66         67
 
  ATP    
   1.000E+00  5.237E-03  3.532E-03  3.490E-03  3.467E-03  3.454E-03  3.446E-03
 I->       1          2          3          4          5          6          7
   3.442E-03  3.439E-03  3.438E-03  3.437E-03  3.436E-03  3.436E-03  3.436E-03
 I->       8          9         10         11         12         13         14
   3.436E-03  3.435E-03  3.435E-03  3.435E-03  3.435E-03  3.435E-03  3.435E-03
 I->      15         16         17         18         19         20         21
   3.435E-03  3.435E-03  3.435E-03  3.435E-03  3.435E-03  3.435E-03  3.435E-03
 I->      22         23         24         25         26         27         28
   3.435E-03  3.435E-03  3.435E-03  3.435E-03  3.435E-03  3.435E-03  3.435E-03
 I->      29         30         31         32         33         34         35
   3.435E-03  3.435E-03  3.435E-03  3.435E-03  3.435E-03  3.435E-03  3.435E-03
 I->      36         37         38         39         40         41         42
   3.435E-03  3.435E-03  3.435E-03  3.435E-03  3.435E-03  3.435E-03  3.435E-03
 I->      43         44         45         46         47         48         49
   3.435E-03  3.435E-03  3.435E-03  3.435E-03  3.435E-03  3.434E-03  3.433E-03
 I->      50         51         52         53         54         55         56
   3.431E-03  3.429E-03  3.424E-03  3.417E-03  3.406E-03  3.387E-03  3.360E-03
 I->      57         58         59         60         61         62         63
   3.322E-03  3.279E-03  4.873E-03  1.000E+00
 I->      64         65         66         67
 
  ATE    
   0.000E+00  1.623E-03  1.623E-03  1.623E-03  1.623E-03  1.623E-03  1.623E-03
 I->       1          2          3          4          5          6          7
   1.623E-03  1.623E-03  1.623E-03  1.623E-03  1.623E-03  1.623E-03  1.623E-03
 I->       8          9         10         11         12         13         14
   1.623E-03  1.623E-03  1.623E-03  1.623E-03  1.623E-03  1.623E-03  1.623E-03
 I->      15         16         17         18         19         20         21
   1.623E-03  1.623E-03  1.623E-03  1.623E-03  1.623E-03  1.623E-03  1.623E-03
 I->      22         23         24         25         26         27         28
   1.623E-03  1.623E-03  1.623E-03  1.623E-03  1.623E-03  1.623E-03  1.623E-03
 I->      29         30         31         32         33         34         35
   1.623E-03  1.623E-03  1.623E-03  1.623E-03  1.623E-03  1.623E-03  1.623E-03
 I->      36         37         38         39         40         41         42
   1.623E-03  1.623E-03  1.623E-03  1.623E-03  1.623E-03  1.623E-03  1.623E-03
 I->      43         44         45         46         47         48         49
   1.623E-03  1.623E-03  1.623E-03  1.623E-03  1.623E-03  1.623E-03  1.623E-03
 I->      50         51         52         53         54         55         56
   1.623E-03  1.623E-03  1.623E-03  1.623E-03  1.623E-03  1.623E-03  1.623E-03
 I->      57         58         59         60         61         62         63
   1.623E-03  1.623E-03  3.247E-03  0.000E+00
 I->      64         65         66         67
 
  BT     
   4.000E+02  1.032E-01  7.372E-02  5.949E-02  5.206E-02  4.799E-02  4.568E-02
 I->       1          2          3          4          5          6          7
   4.434E-02  4.356E-02  4.311E-02  4.283E-02  4.267E-02  4.258E-02  4.252E-02
 I->       8          9         10         11         12         13         14
   4.249E-02  4.247E-02  4.245E-02  4.245E-02  4.244E-02  4.244E-02  4.244E-02
 I->      15         16         17         18         19         20         21
   4.244E-02  4.244E-02  4.244E-02  4.244E-02  4.244E-02  4.244E-02  4.244E-02
 I->      22         23         24         25         26         27         28
   4.244E-02  4.244E-02  4.244E-02  4.244E-02  4.244E-02  4.244E-02  4.244E-02
 I->      29         30         31         32         33         34         35
   4.244E-02  4.244E-02  4.244E-02  4.244E-02  4.244E-02  4.244E-02  4.244E-02
 I->      36         37         38         39         40         41         42
   4.244E-02  4.244E-02  4.243E-02  4.243E-02  4.243E-02  4.243E-02  4.242E-02
 I->      43         44         45         46         47         48         49
   4.241E-02  4.238E-02  4.235E-02  4.229E-02  4.219E-02  4.202E-02  4.173E-02
 I->      50         51         52         53         54         55         56
   4.126E-02  4.048E-02  3.918E-02  3.708E-02  3.374E-02  2.864E-02  2.140E-02
 I->      57         58         59         60         61         62         63
   1.243E-02  4.052E-03  1.761E-04  0.000E+00
 I->      64         65         66         67
 
  T      
   4.000E+02  3.694E+02  3.283E+02  2.996E+02  2.790E+02  2.641E+02  2.533E+02
 I->       1          2          3          4          5          6          7
   2.454E+02  2.397E+02  2.356E+02  2.326E+02  2.305E+02  2.289E+02  2.278E+02
 I->       8          9         10         11         12         13         14
   2.270E+02  2.264E+02  2.260E+02  2.257E+02  2.255E+02  2.254E+02  2.253E+02
 I->      15         16         17         18         19         20         21
   2.252E+02  2.251E+02  2.251E+02  2.251E+02  2.250E+02  2.250E+02  2.250E+02
 I->      22         23         24         25         26         27         28
   2.250E+02  2.250E+02  2.250E+02  2.250E+02  2.250E+02  2.250E+02  2.250E+02
 I->      29         30         31         32         33         34         35
   2.250E+02  2.250E+02  2.250E+02  2.250E+02  2.249E+02  2.249E+02  2.249E+02
 I->      36         37         38         39         40         41         42
   2.248E+02  2.248E+02  2.247E+02  2.246E+02  2.244E+02  2.241E+02  2.238E+02
 I->      43         44         45         46         47         48         49
   2.233E+02  2.227E+02  2.217E+02  2.204E+02  2.186E+02  2.161E+02  2.127E+02
 I->      50         51         52         53         54         55         56
   2.079E+02  2.014E+02  1.925E+02  1.805E+02  1.647E+02  1.441E+02  1.184E+02
 I->      57         58         59         60         61         62         63
   8.779E+01  5.354E+01  1.787E+01  0.000E+00
 I->      64         65         66         67
 
  DE     
   3.247E-03  1.623E-03  1.623E-03  1.623E-03  1.623E-03  1.623E-03  1.623E-03
 I->       1          2          3          4          5          6          7
   1.623E-03  1.623E-03  1.623E-03  1.623E-03  1.623E-03  1.623E-03  1.623E-03
 I->       8          9         10         11         12         13         14
   1.623E-03  1.623E-03  1.623E-03  1.623E-03  1.623E-03  1.623E-03  1.623E-03
 I->      15         16         17         18         19         20         21
   1.623E-03  1.623E-03  1.623E-03  1.623E-03  1.623E-03  1.623E-03  1.623E-03
 I->      22         23         24         25         26         27         28
   1.623E-03  1.623E-03  1.623E-03  1.623E-03  1.623E-03  1.623E-03  1.623E-03
 I->      29         30         31         32         33         34         35
   1.623E-03  1.623E-03  1.623E-03  1.623E-03  1.623E-03  1.623E-03  1.623E-03
 I->      36         37         38         39         40         41         42
   1.623E-03  1.623E-03  1.623E-03  1.623E-03  1.623E-03  1.623E-03  1.623E-03
 I->      43         44         45         46         47         48         49
   1.623E-03  1.623E-03  1.623E-03  1.623E-03  1.623E-03  1.623E-03  1.623E-03
 I->      50         51         52         53         54         55         56
   1.623E-03  1.623E-03  1.623E-03  1.623E-03  1.623E-03  1.623E-03  1.623E-03
 I->      57         58         59         60         61         62         63
   1.623E-03  1.623E-03  3.247E-03
 I->      64         65         66
 
  ATW    
   0.000E+00  3.247E-03  1.623E-03  1.623E-03  1.623E-03  1.623E-03  1.623E-03
 I->       1          2          3          4          5          6          7
   1.623E-03  1.623E-03  1.623E-03  1.623E-03  1.623E-03  1.623E-03  1.623E-03
 I->       8          9         10         11         12         13         14
   1.623E-03  1.623E-03  1.623E-03  1.623E-03  1.623E-03  1.623E-03  1.623E-03
 I->      15         16         17         18         19         20         21
   1.623E-03  1.623E-03  1.623E-03  1.623E-03  1.623E-03  1.623E-03  1.623E-03
 I->      22         23         24         25         26         27         28
   1.623E-03  1.623E-03  1.623E-03  1.623E-03  1.623E-03  1.623E-03  1.623E-03
 I->      29         30         31         32         33         34         35
   1.623E-03  1.623E-03  1.623E-03  1.623E-03  1.623E-03  1.623E-03  1.623E-03
 I->      36         37         38         39         40         41         42
   1.623E-03  1.623E-03  1.623E-03  1.623E-03  1.623E-03  1.623E-03  1.623E-03
 I->      43         44         45         46         47         48         49
   1.623E-03  1.623E-03  1.623E-03  1.623E-03  1.623E-03  1.623E-03  1.623E-03
 I->      50         51         52         53         54         55         56
   1.623E-03  1.623E-03  1.623E-03  1.623E-03  1.623E-03  1.623E-03  1.623E-03
 I->      57         58         59         60         61         62         63
   1.623E-03  1.623E-03  1.623E-03  0.000E+00
 I->      64         65         66         67
 
  ATP    
   1.000E+00  5.222E-03  3.494E-03  3.435E-03  3.398E-03  3.375E-03  3.360E-03
 I->       1          2          3          4          5          6          7
   3.350E-03  3.343E-03  3.338E-03  3.335E-03  3.332E-03  3.331E-03  3.329E-03
 I->       8          9         10         11         12         13         14
   3.328E-03  3.328E-03  3.327E-03  3.327E-03  3.327E-03  3.327E-03  3.327E-03
 I->      15         16         17         18         19         20         21
   3.327E-03  3.326E-03  3.326E-03  3.326E-03  3.326E-03  3.326E-03  3.326E-03
 I->      22         23         24         25         26         27         28
   3.326E-03  3.326E-03  3.326E-03  3.326E-03  3.326E-03  3.326E-03  3.326E-03
 I->      29         30         31         32         33         34         35
   3.326E-03  3.326E-03  3.326E-03  3.326E-03  3.326E-03  3.326E-03  3.326E-03
 I->      36         37         38         39         40         41         42
   3.326E-03  3.326E-03  3.326E-03  3.326E-03  3.326E-03  3.325E-03  3.325E-03
 I->      43         44         45         46         47         48         49
   3.325E-03  3.324E-03  3.323E-03  3.322E-03  3.320E-03  3.317E-03  3.314E-03
 I->      50         51         52         53         54         55         56
   3.310E-03  3.304E-03  3.297E-03  3.288E-03  3.278E-03  3.268E-03  3.258E-03
 I->      57         58         59         60         61         62         63
   3.251E-03  3.248E-03  4.870E-03  1.000E+00
 I->      64         65         66         67
 
  ATE    
   0.000E+00  1.623E-03  1.623E-03  1.623E-03  1.623E-03  1.623E-03  1.623E-03
 I->       1          2          3          4          5          6          7
   1.623E-03  1.623E-03  1.623E-03  1.623E-03  1.623E-03  1.623E-03  1.623E-03
 I->       8          9         10         11         12         13         14
   1.623E-03  1.623E-03  1.623E-03  1.623E-03  1.623E-03  1.623E-03  1.623E-03
 I->      15         16         17         18         19         20         21
   1.623E-03  1.623E-03  1.623E-03  1.623E-03  1.623E-03  1.623E-03  1.623E-03
 I->      22         23         24         25         26         27         28
   1.623E-03  1.623E-03  1.623E-03  1.623E-03  1.623E-03  1.623E-03  1.623E-03
 I->      29         30         31         32         33         34         35
   1.623E-03  1.623E-03  1.623E-03  1.623E-03  1.623E-03  1.623E-03  1.623E-03
 I->      36         37         38         39         40         41         42
   1.623E-03  1.623E-03  1.623E-03  1.623E-03  1.623E-03  1.623E-03  1.623E-03
 I->      43         44         45         46         47         48         49
   1.623E-03  1.623E-03  1.623E-03  1.623E-03  1.623E-03  1.623E-03  1.623E-03
 I->      50         51         52         53         54         55         56
   1.623E-03  1.623E-03  1.623E-03  1.623E-03  1.623E-03  1.623E-03  1.623E-03
 I->      57         58         59         60         61         62         63
   1.623E-03  1.623E-03  3.247E-03  0.000E+00
 I->      64         65         66         67
 
  BT     
   4.000E+02  9.760E-02  6.089E-02  4.218E-02  3.173E-02  2.548E-02  2.156E-02
 I->       1          2          3          4          5          6          7
   1.901E-02  1.730E-02  1.614E-02  1.534E-02  1.478E-02  1.439E-02  1.411E-02
 I->       8          9         10         11         12         13         14
   1.391E-02  1.377E-02  1.367E-02  1.360E-02  1.355E-02  1.352E-02  1.349E-02
 I->      15         16         17         18         19         20         21
   1.347E-02  1.346E-02  1.345E-02  1.344E-02  1.344E-02  1.344E-02  1.343E-02
 I->      22         23         24         25         26         27         28
   1.343E-02  1.343E-02  1.343E-02  1.343E-02  1.343E-02  1.343E-02  1.343E-02
 I->      29         30         31         32         33         34         35
   1.342E-02  1.342E-02  1.342E-02  1.342E-02  1.341E-02  1.341E-02  1.340E-02
 I->      36         37         38         39         40         41         42
   1.339E-02  1.337E-02  1.335E-02  1.332E-02  1.328E-02  1.322E-02  1.314E-02
 I->      43         44         45         46         47         48         49
   1.303E-02  1.288E-02  1.266E-02  1.237E-02  1.197E-02  1.143E-02  1.072E-02
 I->      50         51         52         53         54         55         56
   9.787E-03  8.614E-03  7.190E-03  5.563E-03  3.852E-03  2.261E-03  1.031E-03
 I->      57         58         59         60         61         62         63
   3.112E-04  4.306E-05  5.346E-07  0.000E+00
 I->      64         65         66         67
 
  T      
   4.000E+02  3.681E+02  3.240E+02  2.917E+02  2.672E+02  2.481E+02  2.330E+02
 I->       1          2          3          4          5          6          7
   2.208E+02  2.110E+02  2.031E+02  1.966E+02  1.914E+02  1.871E+02  1.836E+02
 I->       8          9         10         11         12         13         14
   1.808E+02  1.785E+02  1.766E+02  1.751E+02  1.739E+02  1.729E+02  1.721E+02
 I->      15         16         17         18         19         20         21
   1.714E+02  1.709E+02  1.705E+02  1.701E+02  1.698E+02  1.696E+02  1.694E+02
 I->      22         23         24         25         26         27         28
   1.692E+02  1.691E+02  1.689E+02  1.688E+02  1.687E+02  1.686E+02  1.685E+02
 I->      29         30         31         32         33         34         35
   1.683E+02  1.682E+02  1.680E+02  1.678E+02  1.675E+02  1.672E+02  1.668E+02
 I->      36         37         38         39         40         41         42
   1.663E+02  1.657E+02  1.649E+02  1.640E+02  1.628E+02  1.614E+02  1.597E+02
 I->      43         44         45         46         47         48         49
   1.575E+02  1.549E+02  1.517E+02  1.478E+02  1.432E+02  1.375E+02  1.308E+02
 I->      50         51         52         53         54         55         56
   1.230E+02  1.138E+02  1.034E+02  9.168E+01  7.886E+01  6.519E+01  5.097E+01
 I->      57         58         59         60         61         62         63
   3.647E+01  2.189E+01  7.297E+00  0.000E+00
 I->      64         65         66         67
 
  DE     
   3.247E-03  1.623E-03  1.623E-03  1.623E-03  1.623E-03  1.623E-03  1.623E-03
 I->       1          2          3          4          5          6          7
   1.623E-03  1.623E-03  1.623E-03  1.623E-03  1.623E-03  1.623E-03  1.623E-03
 I->       8          9         10         11         12         13         14
   1.623E-03  1.623E-03  1.623E-03  1.623E-03  1.623E-03  1.623E-03  1.623E-03
 I->      15         16         17         18         19         20         21
   1.623E-03  1.623E-03  1.623E-03  1.623E-03  1.623E-03  1.623E-03  1.623E-03
 I->      22         23         24         25         26         27         28
   1.623E-03  1.623E-03  1.623E-03  1.623E-03  1.623E-03  1.623E-03  1.623E-03
 I->      29         30         31         32         33         34         35
   1.623E-03  1.623E-03  1.623E-03  1.623E-03  1.623E-03  1.623E-03  1.623E-03
 I->      36         37         38         39         40         41         42
   1.623E-03  1.623E-03  1.623E-03  1.623E-03  1.623E-03  1.623E-03  1.623E-03
 I->      43         44         45         46         47         48         49
   1.623E-03  1.623E-03  1.623E-03  1.623E-03  1.623E-03  1.623E-03  1.623E-03
 I->      50         51         52         53         54         55         56
   1.623E-03  1.623E-03  1.623E-03  1.623E-03  1.623E-03  1.623E-03  1.623E-03
 I->      57         58         59         60         61         62         63
   1.623E-03  1.623E-03  3.247E-03
 I->      64         65         66
 
  ATW    
   0.000E+00  3.247E-03  1.623E-03  1.623E-03  1.623E-03  1.623E-03  1.623E-03
 I->       1          2          3          4          5          6          7
   1.623E-03  1.623E-03  1.623E-03  1.623E-03  1.623E-03  1.623E-03  1.623E-03
 I->       8          9         10         11         12         13         14
   1.623E-03  1.623E-03  1.623E-03  1.623E-03  1.623E-03  1.623E-03  1.623E-03
 I->      15         16         17         18         19         20         21
   1.623E-03  1.623E-03  1.623E-03  1.623E-03  1.623E-03  1.623E-03  1.623E-03
 I->      22         23         24         25         26         27         28
   1.623E-03  1.623E-03  1.623E-03  1.623E-03  1.623E-03  1.623E-03  1.623E-03
 I->      29         30         31         32         33         34         35
   1.623E-03  1.623E-03  1.623E-03  1.623E-03  1.623E-03  1.623E-03  1.623E-03
 I->      36         37         38         39         40         41         42
   1.623E-03  1.623E-03  1.623E-03  1.623E-03  1.623E-03  1.623E-03  1.623E-03
 I->      43         44         45         46         47         48         49
   1.623E-03  1.623E-03  1.623E-03  1.623E-03  1.623E-03  1.623E-03  1.623E-03
 I->      50         51         52         53         54         55         56
   1.623E-03  1.623E-03  1.623E-03  1.623E-03  1.623E-03  1.623E-03  1.623E-03
 I->      57         58         59         60         61         62         63
   1.623E-03  1.623E-03  1.623E-03  0.000E+00
 I->      64         65         66         67
 
  ATP    
   1.000E+00  5.218E-03  3.484E-03  3.420E-03  3.380E-03  3.353E-03  3.335E-03
 I->       1          2          3          4          5          6          7
   3.322E-03  3.312E-03  3.305E-03  3.300E-03  3.296E-03  3.293E-03  3.290E-03
 I->       8          9         10         11         12         13         14
   3.288E-03  3.286E-03  3.285E-03  3.284E-03  3.283E-03  3.283E-03  3.282E-03
 I->      15         16         17         18         19         20         21
   3.282E-03  3.282E-03  3.281E-03  3.281E-03  3.281E-03  3.281E-03  3.281E-03
 I->      22         23         24         25         26         27         28
   3.281E-03  3.281E-03  3.280E-03  3.280E-03  3.280E-03  3.280E-03  3.280E-03
 I->      29         30         31         32         33         34         35
   3.280E-03  3.280E-03  3.280E-03  3.280E-03  3.280E-03  3.279E-03  3.279E-03
 I->      36         37         38         39         40         41         42
   3.279E-03  3.278E-03  3.278E-03  3.278E-03  3.277E-03  3.276E-03  3.275E-03
 I->      43         44         45         46         47         48         49
   3.274E-03  3.273E-03  3.271E-03  3.269E-03  3.267E-03  3.265E-03  3.262E-03
 I->      50         51         52         53         54         55         56
   3.260E-03  3.257E-03  3.254E-03  3.252E-03  3.250E-03  3.249E-03  3.248E-03
 I->      57         58         59         60         61         62         63
   3.247E-03  3.247E-03  4.870E-03  1.000E+00
 I->      64         65         66         67
 
  ATE    
   0.000E+00  1.623E-03  1.623E-03  1.623E-03  1.623E-03  1.623E-03  1.623E-03
 I->       1          2          3          4          5          6          7
   1.623E-03  1.623E-03  1.623E-03  1.623E-03  1.623E-03  1.623E-03  1.623E-03
 I->       8          9         10         11         12         13         14
   1.623E-03  1.623E-03  1.623E-03  1.623E-03  1.623E-03  1.623E-03  1.623E-03
 I->      15         16         17         18         19         20         21
   1.623E-03  1.623E-03  1.623E-03  1.623E-03  1.623E-03  1.623E-03  1.623E-03
 I->      22         23         24         25         26         27         28
   1.623E-03  1.623E-03  1.623E-03  1.623E-03  1.623E-03  1.623E-03  1.623E-03
 I->      29         30         31         32         33         34         35
   1.623E-03  1.623E-03  1.623E-03  1.623E-03  1.623E-03  1.623E-03  1.623E-03
 I->      36         37         38         39         40         41         42
   1.623E-03  1.623E-03  1.623E-03  1.623E-03  1.623E-03  1.623E-03  1.623E-03
 I->      43         44         45         46         47         48         49
   1.623E-03  1.623E-03  1.623E-03  1.623E-03  1.623E-03  1.623E-03  1.623E-03
 I->      50         51         52         53         54         55         56
   1.623E-03  1.623E-03  1.623E-03  1.623E-03  1.623E-03  1.623E-03  1.623E-03
 I->      57         58         59         60         61         62         63
   1.623E-03  1.623E-03  3.247E-03  0.000E+00
 I->      64         65         66         67
 
  BT     
   4.000E+02  9.616E-02  5.771E-02  3.793E-02  2.670E-02  1.985E-02  1.543E-02
 I->       1          2          3          4          5          6          7
   1.246E-02  1.039E-02  8.913E-03  7.833E-03  7.029E-03  6.421E-03  5.956E-03
 I->       8          9         10         11         12         13         14
   5.597E-03  5.317E-03  5.098E-03  4.925E-03  4.788E-03  4.679E-03  4.592E-03
 I->      15         16         17         18         19         20         21
   4.523E-03  4.467E-03  4.423E-03  4.386E-03  4.357E-03  4.333E-03  4.313E-03
 I->      22         23         24         25         26         27         28
   4.296E-03  4.281E-03  4.268E-03  4.256E-03  4.244E-03  4.233E-03  4.220E-03
 I->      29         30         31         32         33         34         35
   4.206E-03  4.190E-03  4.172E-03  4.150E-03  4.123E-03  4.091E-03  4.052E-03
 I->      36         37         38         39         40         41         42
   4.004E-03  3.945E-03  3.873E-03  3.786E-03  3.681E-03  3.555E-03  3.404E-03
 I->      43         44         45         46         47         48         49
   3.225E-03  3.016E-03  2.775E-03  2.502E-03  2.200E-03  1.875E-03  1.536E-03
 I->      50         51         52         53         54         55         56
   1.198E-03  8.797E-04  5.985E-04  3.701E-04  2.026E-04  9.462E-05  3.535E-05
 I->      57         58         59         60         61         62         63
   9.268E-06  1.203E-06  1.485E-08  0.000E+00
 I->      64         65         66         67
 
  T      
   4.000E+02  3.677E+02  3.228E+02  2.896E+02  2.640E+02  2.435E+02  2.269E+02
 I->       1          2          3          4          5          6          7
   2.131E+02  2.015E+02  1.916E+02  1.831E+02  1.758E+02  1.695E+02  1.640E+02
 I->       8          9         10         11         12         13         14
   1.592E+02  1.551E+02  1.514E+02  1.482E+02  1.453E+02  1.428E+02  1.406E+02
 I->      15         16         17         18         19         20         21
   1.387E+02  1.370E+02  1.354E+02  1.340E+02  1.328E+02  1.317E+02  1.306E+02
 I->      22         23         24         25         26         27         28
   1.297E+02  1.288E+02  1.279E+02  1.271E+02  1.263E+02  1.254E+02  1.246E+02
 I->      29         30         31         32         33         34         35
   1.237E+02  1.228E+02  1.218E+02  1.207E+02  1.195E+02  1.181E+02  1.167E+02
 I->      36         37         38         39         40         41         42
   1.150E+02  1.132E+02  1.112E+02  1.089E+02  1.064E+02  1.035E+02  1.004E+02
 I->      43         44         45         46         47         48         49
   9.686E+01  9.300E+01  8.878E+01  8.417E+01  7.920E+01  7.387E+01  6.822E+01
 I->      50         51         52         53         54         55         56
   6.227E+01  5.609E+01  4.972E+01  4.321E+01  3.663E+01  2.999E+01  2.334E+01
 I->      57         58         59         60         61         62         63
   1.667E+01  1.000E+01  3.334E+00  0.000E+00
 I->      64         65         66         67
 
  DE     
   3.247E-03  1.623E-03  1.623E-03  1.623E-03  1.623E-03  1.623E-03  1.623E-03
 I->       1          2          3          4          5          6          7
   1.623E-03  1.623E-03  1.623E-03  1.623E-03  1.623E-03  1.623E-03  1.623E-03
 I->       8          9         10         11         12         13         14
   1.623E-03  1.623E-03  1.623E-03  1.623E-03  1.623E-03  1.623E-03  1.623E-03
 I->      15         16         17         18         19         20         21
   1.623E-03  1.623E-03  1.623E-03  1.623E-03  1.623E-03  1.623E-03  1.623E-03
 I->      22         23         24         25         26         27         28
   1.623E-03  1.623E-03  1.623E-03  1.623E-03  1.623E-03  1.623E-03  1.623E-03
 I->      29         30         31         32         33         34         35
   1.623E-03  1.623E-03  1.623E-03  1.623E-03  1.623E-03  1.623E-03  1.623E-03
 I->      36         37         38         39         40         41         42
   1.623E-03  1.623E-03  1.623E-03  1.623E-03  1.623E-03  1.623E-03  1.623E-03
 I->      43         44         45         46         47         48         49
   1.623E-03  1.623E-03  1.623E-03  1.623E-03  1.623E-03  1.623E-03  1.623E-03
 I->      50         51         52         53         54         55         56
   1.623E-03  1.623E-03  1.623E-03  1.623E-03  1.623E-03  1.623E-03  1.623E-03
 I->      57         58         59         60         61         62         63
   1.623E-03  1.623E-03  3.247E-03
 I->      64         65         66
 
  ATW    
   0.000E+00  3.247E-03  1.623E-03  1.623E-03  1.623E-03  1.623E-03  1.623E-03
 I->       1          2          3          4          5          6          7
   1.623E-03  1.623E-03  1.623E-03  1.623E-03  1.623E-03  1.623E-03  1.623E-03
 I->       8          9         10         11         12         13         14
   1.623E-03  1.623E-03  1.623E-03  1.623E-03  1.623E-03  1.623E-03  1.623E-03
 I->      15         16         17         18         19         20         21
   1.623E-03  1.623E-03  1.623E-03  1.623E-03  1.623E-03  1.623E-03  1.623E-03
 I->      22         23         24         25         26         27         28
   1.623E-03  1.623E-03  1.623E-03  1.623E-03  1.623E-03  1.623E-03  1.623E-03
 I->      29         30         31         32         33         34         35
   1.623E-03  1.623E-03  1.623E-03  1.623E-03  1.623E-03  1.623E-03  1.623E-03
 I->      36         37         38         39         40         41         42
   1.623E-03  1.623E-03  1.623E-03  1.623E-03  1.623E-03  1.623E-03  1.623E-03
 I->      43         44         45         46         47         48         49
   1.623E-03  1.623E-03  1.623E-03  1.623E-03  1.623E-03  1.623E-03  1.623E-03
 I->      50         51         52         53         54         55         56
   1.623E-03  1.623E-03  1.623E-03  1.623E-03  1.623E-03  1.623E-03  1.623E-03
 I->      57         58         59         60         61         62         63
   1.623E-03  1.623E-03  1.623E-03  0.000E+00
 I->      64         65         66         67
 
  ATP    
   1.000E+00  5.217E-03  3.482E-03  3.416E-03  3.375E-03  3.348E-03  3.328E-03
 I->       1          2          3          4          5          6          7
   3.314E-03  3.304E-03  3.296E-03  3.290E-03  3.285E-03  3.281E-03  3.278E-03
 I->       8          9         10         11         12         13         14
   3.275E-03  3.273E-03  3.271E-03  3.269E-03  3.268E-03  3.267E-03  3.266E-03
 I->      15         16         17         18         19         20         21
   3.265E-03  3.265E-03  3.264E-03  3.264E-03  3.263E-03  3.263E-03  3.262E-03
 I->      22         23         24         25         26         27         28
   3.262E-03  3.262E-03  3.261E-03  3.261E-03  3.261E-03  3.261E-03  3.260E-03
 I->      29         30         31         32         33         34         35
   3.260E-03  3.260E-03  3.259E-03  3.259E-03  3.259E-03  3.258E-03  3.258E-03
 I->      36         37         38         39         40         41         42
   3.257E-03  3.257E-03  3.256E-03  3.256E-03  3.255E-03  3.255E-03  3.254E-03
 I->      43         44         45         46         47         48         49
   3.253E-03  3.252E-03  3.252E-03  3.251E-03  3.250E-03  3.250E-03  3.249E-03
 I->      50         51         52         53         54         55         56
   3.248E-03  3.248E-03  3.248E-03  3.247E-03  3.247E-03  3.247E-03  3.247E-03
 I->      57         58         59         60         61         62         63
   3.247E-03  3.247E-03  4.870E-03  1.000E+00
 I->      64         65         66         67
 
  ATE    
   0.000E+00  1.623E-03  1.623E-03  1.623E-03  1.623E-03  1.623E-03  1.623E-03
 I->       1          2          3          4          5          6          7
   1.623E-03  1.623E-03  1.623E-03  1.623E-03  1.623E-03  1.623E-03  1.623E-03
 I->       8          9         10         11         12         13         14
   1.623E-03  1.623E-03  1.623E-03  1.623E-03  1.623E-03  1.623E-03  1.623E-03
 I->      15         16         17         18         19         20         21
   1.623E-03  1.623E-03  1.623E-03  1.623E-03  1.623E-03  1.623E-03  1.623E-03
 I->      22         23         24         25         26         27         28
   1.623E-03  1.623E-03  1.623E-03  1.623E-03  1.623E-03  1.623E-03  1.623E-03
 I->      29         30         31         32         33         34         35
   1.623E-03  1.623E-03  1.623E-03  1.623E-03  1.623E-03  1.623E-03  1.623E-03
 I->      36         37         38         39         40         41         42
   1.623E-03  1.623E-03  1.623E-03  1.623E-03  1.623E-03  1.623E-03  1.623E-03
 I->      43         44         45         46         47         48         49
   1.623E-03  1.623E-03  1.623E-03  1.623E-03  1.623E-03  1.623E-03  1.623E-03
 I->      50         51         52         53         54         55         56
   1.623E-03  1.623E-03  1.623E-03  1.623E-03  1.623E-03  1.623E-03  1.623E-03
 I->      57         58         59         60         61         62         63
   1.623E-03  1.623E-03  3.247E-03  0.000E+00
 I->      64         65         66         67
 
  BT     
   4.000E+02  9.579E-02  5.690E-02  3.686E-02  2.544E-02  1.843E-02  1.388E-02
 I->       1          2          3          4          5          6          7
   1.080E-02  8.629E-03  7.058E-03  5.892E-03  5.009E-03  4.327E-03  3.793E-03
 I->       8          9         10         11         12         13         14
   3.369E-03  3.028E-03  2.752E-03  2.525E-03  2.337E-03  2.181E-03  2.049E-03
 I->      15         16         17         18         19         20         21
   1.938E-03  1.843E-03  1.762E-03  1.691E-03  1.629E-03  1.575E-03  1.526E-03
 I->      22         23         24         25         26         27         28
   1.482E-03  1.441E-03  1.403E-03  1.367E-03  1.332E-03  1.297E-03  1.262E-03
 I->      29         30         31         32         33         34         35
   1.227E-03  1.190E-03  1.152E-03  1.111E-03  1.067E-03  1.021E-03  9.711E-04
 I->      36         37         38         39         40         41         42
   9.179E-04  8.610E-04  8.006E-04  7.369E-04  6.703E-04  6.015E-04  5.314E-04
 I->      43         44         45         46         47         48         49
   4.611E-04  3.919E-04  3.254E-04  2.630E-04  2.061E-04  1.560E-04  1.135E-04
 I->      50         51         52         53         54         55         56
   7.878E-05  5.185E-05  3.201E-05  1.827E-05  9.430E-06  4.240E-06  1.554E-06
 I->      57         58         59         60         61         62         63
   4.046E-07  5.244E-08  6.474E-10  0.000E+00
 I->      64         65         66         67
 
  T      
   4.000E+02  3.676E+02  3.225E+02  2.890E+02  2.631E+02  2.422E+02  2.251E+02
 I->       1          2          3          4          5          6          7
   2.108E+02  1.985E+02  1.880E+02  1.787E+02  1.706E+02  1.634E+02  1.569E+02
 I->       8          9         10         11         12         13         14
   1.511E+02  1.458E+02  1.410E+02  1.366E+02  1.326E+02  1.289E+02  1.254E+02
 I->      15         16         17         18         19         20         21
   1.222E+02  1.192E+02  1.164E+02  1.137E+02  1.112E+02  1.088E+02  1.065E+02
 I->      22         23         24         25         26         27         28
   1.042E+02  1.021E+02  9.995E+01  9.787E+01  9.582E+01  9.377E+01  9.172E+01
 I->      29         30         31         32         33         34         35
   8.966E+01  8.757E+01  8.545E+01  8.328E+01  8.105E+01  7.877E+01  7.641E+01
 I->      36         37         38         39         40         41         42
   7.398E+01  7.146E+01  6.886E+01  6.618E+01  6.341E+01  6.056E+01  5.762E+01
 I->      43         44         45         46         47         48         49
   5.461E+01  5.153E+01  4.838E+01  4.518E+01  4.193E+01  3.865E+01  3.534E+01
 I->      50         51         52         53         54         55         56
   3.200E+01  2.865E+01  2.529E+01  2.192E+01  1.855E+01  1.518E+01  1.181E+01
 I->      57         58         59         60         61         62         63
   8.434E+00  5.060E+00  1.687E+00  0.000E+00
 I->      64         65         66         67
 
  DE     
   3.247E-03  1.623E-03  1.623E-03  1.623E-03  1.623E-03  1.623E-03  1.623E-03
 I->       1          2          3          4          5          6          7
   1.623E-03  1.623E-03  1.623E-03  1.623E-03  1.623E-03  1.623E-03  1.623E-03
 I->       8          9         10         11         12         13         14
   1.623E-03  1.623E-03  1.623E-03  1.623E-03  1.623E-03  1.623E-03  1.623E-03
 I->      15         16         17         18         19         20         21
   1.623E-03  1.623E-03  1.623E-03  1.623E-03  1.623E-03  1.623E-03  1.623E-03
 I->      22         23         24         25         26         27         28
   1.623E-03  1.623E-03  1.623E-03  1.623E-03  1.623E-03  1.623E-03  1.623E-03
 I->      29         30         31         32         33         34         35
   1.623E-03  1.623E-03  1.623E-03  1.623E-03  1.623E-03  1.623E-03  1.623E-03
 I->      36         37         38         39         40         41         42
   1.623E-03  1.623E-03  1.623E-03  1.623E-03  1.623E-03  1.623E-03  1.623E-03
 I->      43         44         45         46         47         48         49
   1.623E-03  1.623E-03  1.623E-03  1.623E-03  1.623E-03  1.623E-03  1.623E-03
 I->      50         51         52         53         54         55         56
   1.623E-03  1.623E-03  1.623E-03  1.623E-03  1.623E-03  1.623E-03  1.623E-03
 I->      57         58         59         60         61         62         63
   1.623E-03  1.623E-03  3.247E-03
 I->      64         65         66
 
  ATW    
   0.000E+00  3.247E-03  1.623E-03  1.623E-03  1.623E-03  1.623E-03  1.623E-03
 I->       1          2          3          4          5          6          7
   1.623E-03  1.623E-03  1.623E-03  1.623E-03  1.623E-03  1.623E-03  1.623E-03
 I->       8          9         10         11         12         13         14
   1.623E-03  1.623E-03  1.623E-03  1.623E-03  1.623E-03  1.623E-03  1.623E-03
 I->      15         16         17         18         19         20         21
   1.623E-03  1.623E-03  1.623E-03  1.623E-03  1.623E-03  1.623E-03  1.623E-03
 I->      22         23         24         25         26         27         28
   1.623E-03  1.623E-03  1.623E-03  1.623E-03  1.623E-03  1.623E-03  1.623E-03
 I->      29         30         31         32         33         34         35
   1.623E-03  1.623E-03  1.623E-03  1.623E-03  1.623E-03  1.623E-03  1.623E-03
 I->      36         37         38         39         40         41         42
   1.623E-03  1.623E-03  1.623E-03  1.623E-03  1.623E-03  1.623E-03  1.623E-03
 I->      43         44         45         46         47         48         49
   1.623E-03  1.623E-03  1.623E-03  1.623E-03  1.623E-03  1.623E-03  1.623E-03
 I->      50         51         52         53         54         55         56
   1.623E-03  1.623E-03  1.623E-03  1.623E-03  1.623E-03  1.623E-03  1.623E-03
 I->      57         58         59         60         61         62         63
   1.623E-03  1.623E-03  1.623E-03  0.000E+00
 I->      64         65         66         67
 
  ATP    
   1.000E+00  5.217E-03  3.481E-03  3.415E-03  3.374E-03  3.346E-03  3.326E-03
 I->       1          2          3          4          5          6          7
   3.312E-03  3.301E-03  3.293E-03  3.287E-03  3.281E-03  3.277E-03  3.274E-03
 I->       8          9         10         11         12         13         14
   3.271E-03  3.268E-03  3.266E-03  3.265E-03  3.263E-03  3.262E-03  3.261E-03
 I->      15         16         17         18         19         20         21
   3.259E-03  3.259E-03  3.258E-03  3.257E-03  3.256E-03  3.256E-03  3.255E-03
 I->      22         23         24         25         26         27         28
   3.255E-03  3.254E-03  3.254E-03  3.253E-03  3.253E-03  3.253E-03  3.252E-03
 I->      29         30         31         32         33         34         35
   3.252E-03  3.251E-03  3.251E-03  3.251E-03  3.250E-03  3.250E-03  3.250E-03
 I->      36         37         38         39         40         41         42
   3.250E-03  3.249E-03  3.249E-03  3.249E-03  3.249E-03  3.248E-03  3.248E-03
 I->      43         44         45         46         47         48         49
   3.248E-03  3.248E-03  3.248E-03  3.247E-03  3.247E-03  3.247E-03  3.247E-03
 I->      50         51         52         53         54         55         56
   3.247E-03  3.247E-03  3.247E-03  3.247E-03  3.247E-03  3.247E-03  3.247E-03
 I->      57         58         59         60         61         62         63
   3.247E-03  3.247E-03  4.870E-03  1.000E+00
 I->      64         65         66         67
 
  ATE    
   0.000E+00  1.623E-03  1.623E-03  1.623E-03  1.623E-03  1.623E-03  1.623E-03
 I->       1          2          3          4          5          6          7
   1.623E-03  1.623E-03  1.623E-03  1.623E-03  1.623E-03  1.623E-03  1.623E-03
 I->       8          9         10         11         12         13         14
   1.623E-03  1.623E-03  1.623E-03  1.623E-03  1.623E-03  1.623E-03  1.623E-03
 I->      15         16         17         18         19         20         21
   1.623E-03  1.623E-03  1.623E-03  1.623E-03  1.623E-03  1.623E-03  1.623E-03
 I->      22         23         24         25         26         27         28
   1.623E-03  1.623E-03  1.623E-03  1.623E-03  1.623E-03  1.623E-03  1.623E-03
 I->      29         30         31         32         33         34         35
   1.623E-03  1.623E-03  1.623E-03  1.623E-03  1.623E-03  1.623E-03  1.623E-03
 I->      36         37         38         39         40         41         42
   1.623E-03  1.623E-03  1.623E-03  1.623E-03  1.623E-03  1.623E-03  1.623E-03
 I->      43         44         45         46         47         48         49
   1.623E-03  1.623E-03  1.623E-03  1.623E-03  1.623E-03  1.623E-03  1.623E-03
 I->      50         51         52         53         54         55         56
   1.623E-03  1.623E-03  1.623E-03  1.623E-03  1.623E-03  1.623E-03  1.623E-03
 I->      57         58         59         60         61         62         63
   1.623E-03  1.623E-03  3.247E-03  0.000E+00
 I->      64         65         66         67
 
  BT     
   4.000E+02  9.569E-02  5.668E-02  3.656E-02  2.509E-02  1.804E-02  1.345E-02
 I->       1          2          3          4          5          6          7
   1.034E-02  8.138E-03  6.539E-03  5.346E-03  4.438E-03  3.732E-03  3.175E-03
 I->       8          9         10         11         12         13         14
   2.729E-03  2.368E-03  2.071E-03  1.825E-03  1.619E-03  1.444E-03  1.296E-03
 I->      15         16         17         18         19         20         21
   1.168E-03  1.057E-03  9.607E-04  8.758E-04  8.005E-04  7.333E-04  6.729E-04
 I->      22         23         24         25         26         27         28
   6.183E-04  5.685E-04  5.229E-04  4.807E-04  4.416E-04  4.051E-04  3.708E-04
 I->      29         30         31         32         33         34         35
   3.386E-04  3.081E-04  2.793E-04  2.520E-04  2.261E-04  2.017E-04  1.786E-04
 I->      36         37         38         39         40         41         42
   1.569E-04  1.366E-04  1.178E-04  1.005E-04  8.471E-05  7.046E-05  5.776E-05
 I->      43         44         45         46         47         48         49
   4.659E-05  3.693E-05  2.870E-05  2.183E-05  1.620E-05  1.169E-05  8.167E-06
 I->      50         51         52         53         54         55         56
   5.494E-06  3.530E-06  2.143E-06  1.210E-06  6.207E-07  2.782E-07  1.018E-07
 I->      57         58         59         60         61         62         63
   2.651E-08  3.435E-09  4.241E-11  0.000E+00
 I->      64         65         66         67
 
  T      
   4.000E+02  3.676E+02  3.224E+02  2.888E+02  2.628E+02  2.418E+02  2.245E+02
 I->       1          2          3          4          5          6          7
   2.100E+02  1.976E+02  1.868E+02  1.773E+02  1.688E+02  1.613E+02  1.545E+02
 I->       8          9         10         11         12         13         14
   1.482E+02  1.425E+02  1.373E+02  1.324E+02  1.278E+02  1.236E+02  1.196E+02
 I->      15         16         17         18         19         20         21
   1.158E+02  1.121E+02  1.087E+02  1.054E+02  1.022E+02  9.916E+01  9.620E+01
 I->      22         23         24         25         26         27         28
   9.332E+01  9.051E+01  8.777E+01  8.508E+01  8.244E+01  7.984E+01  7.727E+01
 I->      29         30         31         32         33         34         35
   7.474E+01  7.222E+01  6.972E+01  6.724E+01  6.477E+01  6.231E+01  5.986E+01
 I->      36         37         38         39         40         41         42
   5.741E+01  5.497E+01  5.253E+01  5.008E+01  4.764E+01  4.520E+01  4.276E+01
 I->      43         44         45         46         47         48         49
   4.032E+01  3.788E+01  3.543E+01  3.299E+01  3.055E+01  2.811E+01  2.566E+01
 I->      50         51         52         53         54         55         56
   2.322E+01  2.077E+01  1.833E+01  1.589E+01  1.344E+01  1.100E+01  8.554E+00
 I->      57         58         59         60         61         62         63
   6.110E+00  3.666E+00  1.222E+00  0.000E+00
 I->      64         65         66         67
 
  DE     
   3.247E-03  1.623E-03  1.623E-03  1.623E-03  1.623E-03  1.623E-03  1.623E-03
 I->       1          2          3          4          5          6          7
   1.623E-03  1.623E-03  1.623E-03  1.623E-03  1.623E-03  1.623E-03  1.623E-03
 I->       8          9         10         11         12         13         14
   1.623E-03  1.623E-03  1.623E-03  1.623E-03  1.623E-03  1.623E-03  1.623E-03
 I->      15         16         17         18         19         20         21
   1.623E-03  1.623E-03  1.623E-03  1.623E-03  1.623E-03  1.623E-03  1.623E-03
 I->      22         23         24         25         26         27         28
   1.623E-03  1.623E-03  1.623E-03  1.623E-03  1.623E-03  1.623E-03  1.623E-03
 I->      29         30         31         32         33         34         35
   1.623E-03  1.623E-03  1.623E-03  1.623E-03  1.623E-03  1.623E-03  1.623E-03
 I->      36         37         38         39         40         41         42
   1.623E-03  1.623E-03  1.623E-03  1.623E-03  1.623E-03  1.623E-03  1.623E-03
 I->      43         44         45         46         47         48         49
   1.623E-03  1.623E-03  1.623E-03  1.623E-03  1.623E-03  1.623E-03  1.623E-03
 I->      50         51         52         53         54         55         56
   1.623E-03  1.623E-03  1.623E-03  1.623E-03  1.623E-03  1.623E-03  1.623E-03
 I->      57         58         59         60         61         62         63
   1.623E-03  1.623E-03  3.247E-03
 I->      64         65         66
 
  ATW    
   0.000E+00  3.247E-03  1.623E-03  1.623E-03  1.623E-03  1.623E-03  1.623E-03
 I->       1          2          3          4          5          6          7
   1.623E-03  1.623E-03  1.623E-03  1.623E-03  1.623E-03  1.623E-03  1.623E-03
 I->       8          9         10         11         12         13         14
   1.623E-03  1.623E-03  1.623E-03  1.623E-03  1.623E-03  1.623E-03  1.623E-03
 I->      15         16         17         18         19         20         21
   1.623E-03  1.623E-03  1.623E-03  1.623E-03  1.623E-03  1.623E-03  1.623E-03
 I->      22         23         24         25         26         27         28
   1.623E-03  1.623E-03  1.623E-03  1.623E-03  1.623E-03  1.623E-03  1.623E-03
 I->      29         30         31         32         33         34         35
   1.623E-03  1.623E-03  1.623E-03  1.623E-03  1.623E-03  1.623E-03  1.623E-03
 I->      36         37         38         39         40         41         42
   1.623E-03  1.623E-03  1.623E-03  1.623E-03  1.623E-03  1.623E-03  1.623E-03
 I->      43         44         45         46         47         48         49
   1.623E-03  1.623E-03  1.623E-03  1.623E-03  1.623E-03  1.623E-03  1.623E-03
 I->      50         51         52         53         54         55         56
   1.623E-03  1.623E-03  1.623E-03  1.623E-03  1.623E-03  1.623E-03  1.623E-03
 I->      57         58         59         60         61         62         63
   1.623E-03  1.623E-03  1.623E-03  0.000E+00
 I->      64         65         66         67
 
  ATP    
   1.000E+00  5.217E-03  3.481E-03  3.415E-03  3.373E-03  3.346E-03  3.326E-03
 I->       1          2          3          4          5          6          7
   3.311E-03  3.301E-03  3.292E-03  3.286E-03  3.280E-03  3.276E-03  3.272E-03
 I->       8          9         10         11         12         13         14
   3.270E-03  3.267E-03  3.265E-03  3.263E-03  3.261E-03  3.260E-03  3.259E-03
 I->      15         16         17         18         19         20         21
   3.258E-03  3.257E-03  3.256E-03  3.255E-03  3.254E-03  3.254E-03  3.253E-03
 I->      22         23         24         25         26         27         28
   3.252E-03  3.252E-03  3.251E-03  3.251E-03  3.251E-03  3.250E-03  3.250E-03
 I->      29         30         31         32         33         34         35
   3.250E-03  3.249E-03  3.249E-03  3.249E-03  3.249E-03  3.248E-03  3.248E-03
 I->      36         37         38         39         40         41         42
   3.248E-03  3.248E-03  3.248E-03  3.248E-03  3.247E-03  3.247E-03  3.247E-03
 I->      43         44         45         46         47         48         49
   3.247E-03  3.247E-03  3.247E-03  3.247E-03  3.247E-03  3.247E-03  3.247E-03
 I->      50         51         52         53         54         55         56
   3.247E-03  3.247E-03  3.247E-03  3.247E-03  3.247E-03  3.247E-03  3.247E-03
 I->      57         58         59         60         61         62         63
   3.247E-03  3.247E-03  4.870E-03  1.000E+00
 I->      64         65         66         67
 
  ATE    
   0.000E+00  1.623E-03  1.623E-03  1.623E-03  1.623E-03  1.623E-03  1.623E-03
 I->       1          2          3          4          5          6          7
   1.623E-03  1.623E-03  1.623E-03  1.623E-03  1.623E-03  1.623E-03  1.623E-03
 I->       8          9         10         11         12         13         14
   1.623E-03  1.623E-03  1.623E-03  1.623E-03  1.623E-03  1.623E-03  1.623E-03
 I->      15         16         17         18         19         20         21
   1.623E-03  1.623E-03  1.623E-03  1.623E-03  1.623E-03  1.623E-03  1.623E-03
 I->      22         23         24         25         26         27         28
   1.623E-03  1.623E-03  1.623E-03  1.623E-03  1.623E-03  1.623E-03  1.623E-03
 I->      29         30         31         32         33         34         35
   1.623E-03  1.623E-03  1.623E-03  1.623E-03  1.623E-03  1.623E-03  1.623E-03
 I->      36         37         38         39         40         41         42
   1.623E-03  1.623E-03  1.623E-03  1.623E-03  1.623E-03  1.623E-03  1.623E-03
 I->      43         44         45         46         47         48         49
   1.623E-03  1.623E-03  1.623E-03  1.623E-03  1.623E-03  1.623E-03  1.623E-03
 I->      50         51         52         53         54         55         56
   1.623E-03  1.623E-03  1.623E-03  1.623E-03  1.623E-03  1.623E-03  1.623E-03
 I->      57         58         59         60         61         62         63
   1.623E-03  1.623E-03  3.247E-03  0.000E+00
 I->      64         65         66         67
 
  BT     
   4.000E+02  9.565E-02  5.660E-02  3.646E-02  2.498E-02  1.791E-02  1.332E-02
 I->       1          2          3          4          5          6          7
   1.019E-02  7.983E-03  6.375E-03  5.174E-03  4.258E-03  3.545E-03  2.982E-03
 I->       8          9         10         11         12         13         14
   2.529E-03  2.162E-03  1.860E-03  1.610E-03  1.399E-03  1.222E-03  1.070E-03
 I->      15         16         17         18         19         20         21
   9.407E-04  8.287E-04  7.314E-04  6.465E-04  5.721E-04  5.066E-04  4.486E-04
 I->      22         23         24         25         26         27         28
   3.973E-04  3.516E-04  3.109E-04  2.745E-04  2.420E-04  2.129E-04  1.868E-04
 I->      29         30         31         32         33         34         35
   1.634E-04  1.425E-04  1.238E-04  1.071E-04  9.223E-05  7.900E-05  6.727E-05
 I->      36         37         38         39         40         41         42
   5.692E-05  4.783E-05  3.988E-05  3.296E-05  2.699E-05  2.187E-05  1.752E-05
 I->      43         44         45         46         47         48         49
   1.385E-05  1.078E-05  8.260E-06  6.207E-06  4.563E-06  3.269E-06  2.272E-06
 I->      50         51         52         53         54         55         56
   1.523E-06  9.758E-07  5.915E-07  3.337E-07  1.711E-07  7.666E-08  2.805E-08
 I->      57         58         59         60         61         62         63
   7.302E-09  9.464E-10  1.168E-11  0.000E+00
 I->      64         65         66         67
