 # I XP T DE ATW ATP BT
     1    0.00000  328.80099    3.33333    0.00000    3.36133    9.04820
     2    0.00078  328.84845    1.66667    3.33333    5.00000    0.00780
     3    0.00234  328.93878    1.66667    1.66667    3.33333    0.00780
     4    0.00390  329.02441    1.66667    1.66667    3.33333    0.00780
     5    0.00546  329.10535    1.66667    1.66667    3.33333    0.00780
     6    0.00702  329.18161    1.66667    1.66667    3.33333    0.00780
     7    0.00858  329.25320    1.66667    1.66667    3.33333    0.00780
     8    0.01014  329.32010    1.66667    1.66667    3.33333    0.00780
     9    0.01170  329.38232    1.66667    1.66667    3.33333    0.00780
    10    0.01326  329.43988    1.66667    1.66667    3.33333    0.00780
    11    0.01482  329.49280    1.66667    1.66667    3.33333    0.00780
    12    0.01638  329.54105    1.66667    1.66667    3.33333    0.00780
    13    0.01794  329.58459    1.66667    1.66667    3.33333    0.00780
    14    0.01950  329.62350    1.66667    1.66667    3.33333    0.00780
    15    0.02106  329.65775    1.66667    1.66667    3.33333    0.00780
    16    0.02262  329.68735    1.66667    1.66667    3.33334    0.00780
    17    0.02418  329.71228    1.66666    1.66667    3.33333    0.00780
    18    0.02574  329.73251    1.66667    1.66666    3.33333    0.00780
    19    0.02730  329.74808    1.66667    1.66667    3.33334    0.00780
    20    0.02886  329.75891    1.66667    1.66667    3.33333    0.00780
    21    0.03042  329.76514    1.66667    1.66667    3.33333    0.00780
    22    0.03198  329.76666    1.66666    1.66667    3.33333    0.00780
    23    0.03354  329.76352    1.66667    1.66666    3.33334    0.00780
    24    0.03510  329.75565    1.66666    1.66667    3.33334    0.00780
    25    0.03666  329.74313    1.66666    1.66666    3.33333    0.00780
    26    0.03822  329.72592    1.66667    1.66666    3.33334    0.00780
    27    0.03978  329.70407    1.66666    1.66667    3.33334    0.00780
    28    0.04134  329.67755    1.66667    1.66666    3.33333    0.00780
    29    0.04290  329.64636    1.66667    1.66667    3.33334    0.00780
    30    0.04446  329.61047    1.66666    1.66667    3.33333    0.00780
    31    0.04602  329.56992    1.66667    1.66666    3.33333    0.00780
    32    0.04758  329.52466    1.66667    1.66667    3.33334    0.00780
    33    0.04914  329.47473    1.66666    1.66667    3.33333    0.00780
    34    0.05070  329.42017    1.66667    1.66666    3.33333    0.00780
    35    0.05226  329.36090    1.66667    1.66667    3.33334    0.00780
    36    0.05382  329.29697    1.66666    1.66667    3.33333    0.00780
    37    0.05538  329.22836    1.66667    1.66666    3.33333    0.00780
    38    0.05694  329.15506    1.66667    1.66667    3.33334    0.00780
    39    0.05850  329.07709    1.66666    1.66667    3.33333    0.00780
    40    0.06006  328.99442    1.66667    1.66666    3.33334    0.00780
    41    0.06162  328.90707    1.66666    1.66667    3.33334    0.00780
    42    0.06318  328.81509    1.66666    1.66666    3.33333    0.00780
    43    0.06474  328.71841    1.66666    1.66666    3.33333    0.00780
    44    0.06630  328.61703    1.66667    1.66666    3.33334    0.00780
    45    0.06786  328.51099    1.66666    1.66667    3.33334    0.00780
    46    0.06942  328.40027    1.66667    1.66666    3.33334    0.00780
    47    0.07098  328.28494    1.66666    1.66667    3.33334    0.00780
    48    0.07254  328.16495    1.66666    1.66666    3.33333    0.00780
    49    0.07410  328.04025    1.66666    1.66666    3.33333    0.00780
    50    0.07566  327.91086    1.66667    1.66666    3.33334    0.00780
    51    0.07722  327.77682    1.66667    1.66667    3.33334    0.00780
    52    0.07878  327.63809    1.66666    1.66667    3.33334    0.00780
    53    0.08034  327.49472    1.66666    1.66666    3.33333    0.00780
    54    0.08190  327.34665    1.66666    1.66666    3.33333    0.00780
    55    0.08346  327.19388    1.66667    1.66666    3.33334    0.00780
    56    0.08502  327.03644    1.66666    1.66667    3.33334    0.00780
    57    0.08658  326.87436    1.66667    1.66666    3.33334    0.00780
    58    0.08814  326.70758    1.66666    1.66667    3.33334    0.00780
    59    0.08970  326.53616    1.66666    1.66666    3.33333    0.00780
    60    0.09126  326.36005    1.66666    1.66666    3.33333    0.00780
    61    0.09282  326.17923    1.66667    1.66666    3.33334    0.00780
    62    0.09438  325.99377    1.66666    1.66667    3.33334    0.00780
    63    0.09594  325.80365    1.66667    1.66666    3.33334    0.00780
    64    0.09750  325.60886    1.66666    1.66667    3.33334    0.00780
    65    0.09906  325.40939    3.33333    1.66666    4.99999    0.00780
    66    0.09984  325.30728        NaN    3.33333    3.36133    8.76820
