 # I XP T DE ATW ATP BT
     1    0.00000  400.00000    0.00100    0.00000    1.00000  400.00000
     2    0.06250  374.72684    0.00050    0.00100    0.00150    0.00000
     3    0.18750  324.76324    0.00050    0.00050    0.00100    0.00000
     4    0.31250  274.79968    0.00050    0.00050    0.00100    0.00000
     5    0.43750  224.83612    0.00050    0.00050    0.00100    0.00000
     6    0.56250  174.87254    0.00050    0.00050    0.00100    0.00000
     7    0.68750  124.90897    0.00050    0.00050    0.00100    0.00000
     8    0.81250   74.94538    0.00050    0.00050    0.00100    0.00000
     9    0.93750   24.98180    0.00100    0.00050    0.00150    0.00000
    10    1.00000    0.00000    0.00000    0.00000    1.00000    0.00000
