 # I XP T DE ATW ATP BT
     1    0.00000  400.00000    0.00800    0.00000    1.00000  400.00000
     2    0.00781  349.02805    0.00400    0.00800    0.01303    0.00000
     3    0.02344  337.08713    0.00400    0.00400    0.00807    0.00000
     4    0.03907  331.21924    0.00400    0.00400    0.00800    0.00000
     5    0.05470  325.79630    0.00400    0.00400    0.00800    0.00000
     6    0.07034  320.40802    0.00400    0.00400    0.00800    0.00000
     7    0.08596  315.02252    0.00400    0.00400    0.00800    0.00000
     8    0.10159  309.63730    0.00400    0.00400    0.00800    0.00000
     9    0.11722  304.25211    0.00400    0.00400    0.00800    0.00000
    10    0.13285  298.86691    0.00400    0.00400    0.00800    0.00000
    11    0.14849  293.48169    0.00400    0.00400    0.00800    0.00000
    12    0.16411  288.09656    0.00400    0.00400    0.00800    0.00000
    13    0.17974  282.71143    0.00400    0.00400    0.00800    0.00000
    14    0.19537  277.32629    0.00400    0.00400    0.00800    0.00000
    15    0.21101  271.94116    0.00400    0.00400    0.00800    0.00000
    16    0.22663  266.55603    0.00400    0.00400    0.00800    0.00000
    17    0.24226  261.17096    0.00400    0.00400    0.00800    0.00000
    18    0.25789  255.78586    0.00400    0.00400    0.00800    0.00000
    19    0.27352  250.40076    0.00400    0.00400    0.00800    0.00000
    20    0.28916  245.01566    0.00400    0.00400    0.00800    0.00000
    21    0.30478  239.63057    0.00400    0.00400    0.00800    0.00000
    22    0.32041  234.24547    0.00400    0.00400    0.00800    0.00000
    23    0.33604  228.86044    0.00400    0.00400    0.00800    0.00000
    24    0.35167  223.47542    0.00400    0.00400    0.00800    0.00000
    25    0.36730  218.09039    0.00400    0.00400    0.00800    0.00000
    26    0.38293  212.70537    0.00400    0.00400    0.00800    0.00000
    27    0.39856  207.32033    0.00400    0.00400    0.00800    0.00000
    28    0.41420  201.93527    0.00400    0.00400    0.00800    0.00000
    29    0.42982  196.55023    0.00400    0.00400    0.00800    0.00000
    30    0.44545  191.16524    0.00400    0.00400    0.00800    0.00000
    31    0.46108  185.78027    0.00400    0.00400    0.00800    0.00000
    32    0.47671  180.39534    0.00400    0.00400    0.00800    0.00000
    33    0.49234  175.01041    0.00400    0.00400    0.00800    0.00000
    34    0.50797  169.62547    0.00400    0.00400    0.00800    0.00000
    35    0.52360  164.24052    0.00400    0.00400    0.00800    0.00000
    36    0.53923  158.85558    0.00400    0.00400    0.00800    0.00000
    37    0.55487  153.47061    0.00400    0.00400    0.00800    0.00000
    38    0.57050  148.08562    0.00400    0.00400    0.00800    0.00000
    39    0.58612  142.70067    0.00400    0.00400    0.00800    0.00000
    40    0.60175  137.31572    0.00400    0.00400    0.00800    0.00000
    41    0.61738  131.93079    0.00400    0.00400    0.00800    0.00000
    42    0.63301  126.54584    0.00400    0.00400    0.00800    0.00000
    43    0.64864  121.16088    0.00400    0.00400    0.00800    0.00000
    44    0.66427  115.77593    0.00400    0.00400    0.00800    0.00000
    45    0.67990  110.39101    0.00400    0.00400    0.00800    0.00000
    46    0.69553  105.00608    0.00400    0.00400    0.00800    0.00000
    47    0.71116   99.62115    0.00400    0.00400    0.00800    0.00000
    48    0.72679   94.23623    0.00400    0.00400    0.00800    0.00000
    49    0.74242   88.85130    0.00400    0.00400    0.00800    0.00000
    50    0.75805   83.46638    0.00400    0.00400    0.00800    0.00000
    51    0.77368   78.08145    0.00400    0.00400    0.00800    0.00000
    52    0.78931   72.69652    0.00400    0.00400    0.00800    0.00000
    53    0.80494   67.31158    0.00400    0.00400    0.00800    0.00000
    54    0.82057   61.92665    0.00400    0.00400    0.00800    0.00000
    55    0.83620   56.54173    0.00400    0.00400    0.00800    0.00000
    56    0.85183   51.15681    0.00400    0.00400    0.00800    0.00000
    57    0.86746   45.77188    0.00400    0.00400    0.00800    0.00000
    58    0.88309   40.38694    0.00400    0.00400    0.00800    0.00000
    59    0.89872   35.00201    0.00400    0.00400    0.00800    0.00000
    60    0.91435   29.61708    0.00400    0.00400    0.00800    0.00000
    61    0.92998   24.23217    0.00400    0.00400    0.00800    0.00000
    62    0.94561   18.84724    0.00400    0.00400    0.00800    0.00000
    63    0.96124   13.46232    0.00400    0.00400    0.00800    0.00000
    64    0.97687    8.07739    0.00400    0.00400    0.00800    0.00000
    65    0.99250    2.69246    0.00800    0.00400    0.01200    0.00000
    66    1.00032    0.00000        NaN    0.00000    1.00000    0.00000
