 # I XP T DE ATW ATP BT
     1    0.00000  400.00000    4.79846    0.00000    1.00000  400.00000
     2    0.00781  393.34393    2.39923    4.79846    7.20309    0.00000
     3    0.02344  380.91611    2.39923    2.39923    4.80336    0.00000
     4    0.03907  369.26590    2.39923    2.39923    4.80293    0.00000
     5    0.05470  358.30246    2.39923    2.39923    4.80254    0.00000
     6    0.07034  347.94785    2.39923    2.39923    4.80220    0.00000
     7    0.08596  338.13467    2.39923    2.39923    4.80189    0.00000
     8    0.10159  328.80432    2.39923    2.39923    4.80162    0.00000
     9    0.11722  319.90570    2.39923    2.39923    4.80137    0.00000
    10    0.13285  311.39398    2.39923    2.39923    4.80114    0.00000
    11    0.14849  303.22955    2.39924    2.39923    4.80094    0.00000
    12    0.16411  295.37741    2.39923    2.39924    4.80075    0.00000
    13    0.17974  287.80646    2.39923    2.39923    4.80058    0.00000
    14    0.19537  280.48895    2.39923    2.39923    4.80042    0.00000
    15    0.21101  273.40005    2.39924    2.39923    4.80028    0.00000
    16    0.22663  266.51758    2.39923    2.39924    4.80014    0.00000
    17    0.24226  259.82138    2.39923    2.39923    4.80002    0.00000
    18    0.25789  253.29350    2.39923    2.39923    4.79990    0.00000
    19    0.27352  246.91768    2.39923    2.39923    4.79980    0.00000
    20    0.28916  240.67917    2.39924    2.39923    4.79970    0.00000
    21    0.30478  234.56459    2.39923    2.39924    4.79961    0.00000
    22    0.32041  228.56186    2.39924    2.39923    4.79953    0.00000
    23    0.33604  222.65991    2.39923    2.39924    4.79945    0.00000
    24    0.35167  216.84877    2.39923    2.39923    4.79937    0.00000
    25    0.36730  211.11926    2.39923    2.39923    4.79930    0.00000
    26    0.38293  205.46315    2.39923    2.39923    4.79923    0.00000
    27    0.39856  199.87286    2.39923    2.39923    4.79917    0.00000
    28    0.41420  194.34152    2.39924    2.39923    4.79912    0.00000
    29    0.42982  188.86287    2.39923    2.39924    4.79906    0.00000
    30    0.44545  183.43120    2.39924    2.39923    4.79901    0.00000
    31    0.46108  178.04134    2.39923    2.39924    4.79897    0.00000
    32    0.47671  172.68857    2.39923    2.39923    4.79892    0.00000
    33    0.49234  167.36864    2.39923    2.39923    4.79888    0.00000
    34    0.50797  162.07767    2.39923    2.39923    4.79884    0.00000
    35    0.52360  156.81218    2.39923    2.39923    4.79880    0.00000
    36    0.53923  151.56905    2.39923    2.39923    4.79877    0.00000
    37    0.55487  146.34540    2.39923    2.39923    4.79874    0.00000
    38    0.57050  141.13870    2.39924    2.39923    4.79872    0.00000
    39    0.58612  135.94669    2.39923    2.39924    4.79869    0.00000
    40    0.60175  130.76726    2.39923    2.39923    4.79866    0.00000
    41    0.61738  125.59863    2.39923    2.39923    4.79864    0.00000
    42    0.63301  120.43919    2.39923    2.39923    4.79862    0.00000
    43    0.64864  115.28754    2.39923    2.39923    4.79860    0.00000
    44    0.66427  110.14240    2.39924    2.39923    4.79859    0.00000
    45    0.67990  105.00271    2.39923    2.39924    4.79857    0.00000
    46    0.69553   99.86747    2.39923    2.39923    4.79855    0.00000
    47    0.71116   94.73590    2.39923    2.39923    4.79854    0.00000
    48    0.72679   89.60731    2.39923    2.39923    4.79853    0.00000
    49    0.74242   84.48109    2.39923    2.39923    4.79852    0.00000
    50    0.75805   79.35677    2.39923    2.39923    4.79851    0.00000
    51    0.77368   74.23390    2.39923    2.39923    4.79850    0.00000
    52    0.78931   69.11215    2.39923    2.39923    4.79849    0.00000
    53    0.80494   63.99125    2.39923    2.39923    4.79849    0.00000
    54    0.82057   58.87096    2.39924    2.39923    4.79849    0.00000
    55    0.83620   53.75113    2.39923    2.39924    4.79849    0.00000
    56    0.85183   48.63158    2.39923    2.39923    4.79847    0.00000
    57    0.86746   43.51223    2.39923    2.39923    4.79847    0.00000
    58    0.88309   38.39302    2.39923    2.39923    4.79847    0.00000
    59    0.89872   33.27389    2.39923    2.39923    4.79847    0.00000
    60    0.91435   28.15480    2.39924    2.39923    4.79847    0.00000
    61    0.92998   23.03576    2.39923    2.39924    4.79847    0.00000
    62    0.94561   17.91670    2.39923    2.39923    4.79846    0.00000
    63    0.96124   12.79764    2.39923    2.39923    4.79846    0.00000
    64    0.97687    7.67859    2.39923    2.39923    4.79846    0.00000
    65    0.99250    2.55953    4.79846    2.39923    7.19769    0.00000
    66    1.00032    0.00000        NaN    0.00000    1.00000    0.00000
