 # I XP T DE ATW ATP BT
     1    0.00000  400.00000    1.20000    0.00000    1.00000  400.00000
     2    0.03125  373.69403    0.60000    1.20000    1.81849    0.00000
     3    0.09375  332.60001    0.60000    0.60000    1.21304    0.00000
     4    0.15625  298.73367    0.60000    0.60000    1.20945    0.00000
     5    0.21875  269.57114    0.60000    0.60000    1.20694    0.00000
     6    0.28125  243.52750    0.60000    0.60000    1.20512    0.00000
     7    0.34375  219.56114    0.60000    0.60000    1.20375    0.00000
     8    0.40625  196.96736    0.60000    0.60000    1.20271    0.00000
     9    0.46875  175.26253    0.60000    0.60000    1.20191    0.00000
    10    0.53125  154.11501    0.60000    0.60000    1.20130    0.00000
    11    0.59375  133.30066    0.60000    0.60000    1.20084    0.00000
    12    0.65625  112.67279    0.60000    0.60000    1.20051    0.00000
    13    0.71875   92.14011    0.60000    0.60000    1.20028    0.00000
    14    0.78125   71.65000    0.60000    0.60000    1.20013    0.00000
    15    0.84375   51.17545    0.60000    0.60000    1.20005    0.00000
    16    0.90625   30.70496    0.60000    0.60000    1.20001    0.00000
    17    0.96875   10.23498    1.20000    0.60000    1.80000    0.00000
    18    1.00000    0.00000    0.00000    0.00000    1.00000    0.00000
