 # I XP T DE ATW ATP BT
     1    0.00000  400.00000    0.00200    0.00000    1.00000  400.00000
     2    0.03125  280.81580    0.00100    0.00200    0.03439    8.58378
     3    0.09375  273.39813    0.00100    0.00100    0.03097    7.91246
     4    0.15625  273.15802    0.00100    0.00100    0.03089    7.89162
     5    0.21875  273.15027    0.00100    0.00100    0.03089    7.89095
     6    0.28125  273.15002    0.00100    0.00100    0.03089    7.89093
     7    0.34375  273.14996    0.00100    0.00100    0.03089    7.89092
     8    0.40625  273.14996    0.00100    0.00100    0.03089    7.89092
     9    0.46875  273.14996    0.00100    0.00100    0.03089    7.89092
    10    0.53125  273.14996    0.00100    0.00100    0.03089    7.89092
    11    0.59375  273.14996    0.00100    0.00100    0.03089    7.89092
    12    0.65625  273.14996    0.00100    0.00100    0.03089    7.89092
    13    0.71875  273.14996    0.00100    0.00100    0.03089    7.89092
    14    0.78125  273.14938    0.00100    0.00100    0.03089    7.89087
    15    0.84375  273.13013    0.00100    0.00100    0.03088    7.88920
    16    0.90625  272.53763    0.00100    0.00100    0.03069    7.83803
    17    0.96875  254.31398    0.00200    0.00100    0.02631    6.41971
    18    1.00000    0.00000    0.00000    0.00000    1.00000    0.00000
