 # I XP T DE ATW ATP BT
     1    0.00000  400.00000    0.01250    0.00000    1.00000  400.00000
     2    0.00500  342.43649    0.00625    0.01250    0.02786    2.65461
     3    0.01500  301.55237    0.00625    0.00625    0.01872    1.72219
     4    0.02500  285.18237    0.00625    0.00625    0.01776    1.44075
     5    0.03500  278.31638    0.00625    0.00625    0.01739    1.33625
     6    0.04500  275.38095    0.00625    0.00625    0.01724    1.29386
     7    0.05500  274.11569    0.00625    0.00625    0.01717    1.27601
     8    0.06500  273.56842    0.00625    0.00625    0.01714    1.26836
     9    0.07500  273.33139    0.00625    0.00625    0.01713    1.26507
    10    0.08500  273.22864    0.00625    0.00625    0.01713    1.26364
    11    0.09500  273.18411    0.00625    0.00625    0.01712    1.26302
    12    0.10500  273.16476    0.00625    0.00625    0.01712    1.26275
    13    0.11500  273.15637    0.00625    0.00625    0.01712    1.26264
    14    0.12500  273.15274    0.00625    0.00625    0.01712    1.26259
    15    0.13500  273.15115    0.00625    0.00625    0.01712    1.26256
    16    0.14500  273.15051    0.00625    0.00625    0.01712    1.26255
    17    0.15500  273.15024    0.00625    0.00625    0.01712    1.26255
    18    0.16500  273.15012    0.00625    0.00625    0.01712    1.26255
    19    0.17500  273.15002    0.00625    0.00625    0.01712    1.26255
    20    0.18500  273.14999    0.00625    0.00625    0.01712    1.26255
    21    0.19500  273.14996    0.00625    0.00625    0.01712    1.26255
    22    0.20500  273.14999    0.00625    0.00625    0.01712    1.26255
    23    0.21500  273.15002    0.00625    0.00625    0.01712    1.26255
    24    0.22500  273.15002    0.00625    0.00625    0.01712    1.26255
    25    0.23500  273.15005    0.00625    0.00625    0.01712    1.26255
    26    0.24500  273.15002    0.00625    0.00625    0.01712    1.26255
    27    0.25500  273.14999    0.00625    0.00625    0.01712    1.26255
    28    0.26500  273.14999    0.00625    0.00625    0.01712    1.26255
    29    0.27500  273.14996    0.00625    0.00625    0.01712    1.26255
    30    0.28500  273.14996    0.00625    0.00625    0.01712    1.26255
    31    0.29500  273.14996    0.00625    0.00625    0.01712    1.26255
    32    0.30500  273.14996    0.00625    0.00625    0.01712    1.26255
    33    0.31500  273.14996    0.00625    0.00625    0.01712    1.26255
    34    0.32500  273.14999    0.00625    0.00625    0.01712    1.26255
    35    0.33500  273.14996    0.00625    0.00625    0.01712    1.26255
    36    0.34500  273.14996    0.00625    0.00625    0.01712    1.26255
    37    0.35500  273.14996    0.00625    0.00625    0.01712    1.26255
    38    0.36500  273.14996    0.00625    0.00625    0.01712    1.26255
    39    0.37500  273.14996    0.00625    0.00625    0.01712    1.26255
    40    0.38500  273.14999    0.00625    0.00625    0.01712    1.26255
    41    0.39500  273.14996    0.00625    0.00625    0.01712    1.26255
    42    0.40500  273.14996    0.00625    0.00625    0.01712    1.26255
    43    0.41500  273.14996    0.00625    0.00625    0.01712    1.26255
    44    0.42500  273.14996    0.00625    0.00625    0.01712    1.26255
    45    0.43500  273.14996    0.00625    0.00625    0.01712    1.26255
    46    0.44500  273.14996    0.00625    0.00625    0.01712    1.26255
    47    0.45500  273.14999    0.00625    0.00625    0.01712    1.26255
    48    0.46500  273.14996    0.00625    0.00625    0.01712    1.26255
    49    0.47500  273.14996    0.00625    0.00625    0.01712    1.26255
    50    0.48500  273.14996    0.00625    0.00625    0.01712    1.26255
    51    0.49500  273.14996    0.00625    0.00625    0.01712    1.26255
    52    0.50500  273.14996    0.00625    0.00625    0.01712    1.26255
    53    0.51500  273.14999    0.00625    0.00625    0.01712    1.26255
    54    0.52500  273.15002    0.00625    0.00625    0.01712    1.26255
    55    0.53500  273.15002    0.00625    0.00625    0.01712    1.26255
    56    0.54500  273.15002    0.00625    0.00625    0.01712    1.26255
    57    0.55500  273.15002    0.00625    0.00625    0.01712    1.26255
    58    0.56500  273.15002    0.00625    0.00625    0.01712    1.26255
    59    0.57500  273.15002    0.00625    0.00625    0.01712    1.26255
    60    0.58500  273.15002    0.00625    0.00625    0.01712    1.26255
    61    0.59500  273.15002    0.00625    0.00625    0.01712    1.26255
    62    0.60500  273.14999    0.00625    0.00625    0.01712    1.26255
    63    0.61500  273.14999    0.00625    0.00625    0.01712    1.26255
    64    0.62500  273.15002    0.00625    0.00625    0.01712    1.26255
    65    0.63500  273.15002    0.00625    0.00625    0.01712    1.26255
    66    0.64500  273.15002    0.00625    0.00625    0.01712    1.26255
    67    0.65500  273.15002    0.00625    0.00625    0.01712    1.26255
    68    0.66500  273.15002    0.00625    0.00625    0.01712    1.26255
    69    0.67500  273.15002    0.00625    0.00625    0.01712    1.26255
    70    0.68500  273.15002    0.00625    0.00625    0.01712    1.26255
    71    0.69500  273.15002    0.00625    0.00625    0.01712    1.26255
    72    0.70500  273.15002    0.00625    0.00625    0.01712    1.26255
    73    0.71500  273.15002    0.00625    0.00625    0.01712    1.26255
    74    0.72500  273.15002    0.00625    0.00625    0.01712    1.26255
    75    0.73500  273.14999    0.00625    0.00625    0.01712    1.26255
    76    0.74500  273.14999    0.00625    0.00625    0.01712    1.26255
    77    0.75500  273.14999    0.00625    0.00625    0.01712    1.26255
    78    0.76500  273.14999    0.00625    0.00625    0.01712    1.26255
    79    0.77500  273.14999    0.00625    0.00625    0.01712    1.26255
    80    0.78500  273.14999    0.00625    0.00625    0.01712    1.26255
    81    0.79500  273.14999    0.00625    0.00625    0.01712    1.26255
    82    0.80500  273.14993    0.00625    0.00625    0.01712    1.26255
    83    0.81500  273.14981    0.00625    0.00625    0.01712    1.26254
    84    0.82500  273.14957    0.00625    0.00625    0.01712    1.26254
    85    0.83500  273.14902    0.00625    0.00625    0.01712    1.26253
    86    0.84500  273.14767    0.00625    0.00625    0.01712    1.26251
    87    0.85500  273.14465    0.00625    0.00625    0.01712    1.26247
    88    0.86500  273.13770    0.00625    0.00625    0.01712    1.26238
    89    0.87500  273.12164    0.00625    0.00625    0.01712    1.26215
    90    0.88500  273.08459    0.00625    0.00625    0.01712    1.26164
    91    0.89500  272.99915    0.00625    0.00625    0.01711    1.26046
    92    0.90500  272.80219    0.00625    0.00625    0.01710    1.25773
    93    0.91500  272.34851    0.00625    0.00625    0.01708    1.25148
    94    0.92500  271.30475    0.00625    0.00625    0.01703    1.23723
    95    0.93500  268.91016    0.00625    0.00625    0.01691    1.20511
    96    0.94500  263.45227    0.00625    0.00625    0.01665    1.13507
    97    0.95500  251.19539    0.00625    0.00625    0.01609    0.99289
    98    0.96500  224.55673    0.00625    0.00625    0.01507    0.74816
    99    0.97500  170.48410    0.00625    0.00625    0.01362    0.45933
   100    0.98500   73.57336    0.01250    0.00625    0.01884    0.32062
   101    0.99000    0.00000    0.00000    0.00000    1.00000    0.00000
