 # I XP T DE ATW ATP BT
     1    0.00000  400.00000    0.48000    0.00000    1.00000  400.00000
     2    0.00313  386.52594    0.24000    0.48000    0.72041    0.00000
     3    0.00938  360.23706    0.24000    0.24000    0.48033    0.00000
     4    0.01562  334.44547    0.24000    0.24000    0.48027    0.00000
     5    0.02188  309.02328    0.24000    0.24000    0.48021    0.00000
     6    0.02812  283.87045    0.24000    0.24000    0.48016    0.00000
     7    0.03438  258.90939    0.24000    0.24000    0.48012    0.00000
     8    0.04062  234.08099    0.24000    0.24000    0.48009    0.00000
     9    0.04688  209.34125    0.24000    0.24000    0.48006    0.00000
    10    0.05313  184.65820    0.24000    0.24000    0.48004    0.00000
    11    0.05938  160.00946    0.24000    0.24000    0.48003    0.00000
    12    0.06562  135.38013    0.24000    0.24000    0.48002    0.00000
    13    0.07188  110.76064    0.24000    0.24000    0.48001    0.00000
    14    0.07812   86.14567    0.24000    0.24000    0.48000    0.00000
    15    0.08438   61.53230    0.24000    0.24000    0.48000    0.00000
    16    0.09063   36.91934    0.24000    0.24000    0.48000    0.00000
    17    0.09687   12.30647    0.48000    0.24000    0.72000    0.00000
    18    0.10000    0.00000    0.00000    0.00000    1.00000    0.00000
