 # I XP T DE ATW ATP BT
     1    0.00000  400.00000    1.92308    0.00000    1.00000  400.00000
     2    0.00078  396.63077    0.96154    1.92308    2.88473    0.00000
     3    0.00234  389.93793    0.96154    0.96154    1.92318    0.00000
     4    0.00390  383.28763    0.96154    0.96154    1.92318    0.00000
     5    0.00546  376.67706    0.96154    0.96154    1.92317    0.00000
     6    0.00702  370.10355    0.96154    0.96154    1.92317    0.00000
     7    0.00858  363.56448    0.96154    0.96154    1.92316    0.00000
     8    0.01014  357.05753    0.96154    0.96154    1.92316    0.00000
     9    0.01170  350.58047    0.96154    0.96154    1.92315    0.00000
    10    0.01326  344.13123    0.96154    0.96154    1.92315    0.00000
    11    0.01482  337.70779    0.96154    0.96154    1.92314    0.00000
    12    0.01638  331.30829    0.96154    0.96154    1.92314    0.00000
    13    0.01794  324.93097    0.96154    0.96154    1.92314    0.00000
    14    0.01950  318.57416    0.96154    0.96154    1.92313    0.00000
    15    0.02106  312.23630    0.96154    0.96154    1.92313    0.00000
    16    0.02262  305.91592    0.96154    0.96154    1.92313    0.00000
    17    0.02418  299.61169    0.96154    0.96154    1.92312    0.00000
    18    0.02574  293.32230    0.96154    0.96154    1.92312    0.00000
    19    0.02730  287.04660    0.96154    0.96154    1.92312    0.00000
    20    0.02886  280.78339    0.96154    0.96154    1.92312    0.00000
    21    0.03042  274.53159    0.96154    0.96154    1.92311    0.00000
    22    0.03198  268.29025    0.96154    0.96154    1.92311    0.00000
    23    0.03354  262.05847    0.96154    0.96154    1.92311    0.00000
    24    0.03510  255.83536    0.96154    0.96154    1.92311    0.00000
    25    0.03666  249.62009    0.96154    0.96154    1.92310    0.00000
    26    0.03822  243.41194    0.96154    0.96154    1.92310    0.00000
    27    0.03978  237.21028    0.96154    0.96154    1.92310    0.00000
    28    0.04134  231.01442    0.96154    0.96154    1.92310    0.00000
    29    0.04290  224.82384    0.96154    0.96154    1.92310    0.00000
    30    0.04446  218.63795    0.96154    0.96154    1.92309    0.00000
    31    0.04602  212.45631    0.96154    0.96154    1.92309    0.00000
    32    0.04758  206.27844    0.96154    0.96154    1.92309    0.00000
    33    0.04914  200.10387    0.96154    0.96154    1.92309    0.00000
    34    0.05070  193.93225    0.96154    0.96154    1.92309    0.00000
    35    0.05226  187.76328    0.96154    0.96154    1.92309    0.00000
    36    0.05382  181.59657    0.96154    0.96154    1.92309    0.00000
    37    0.05538  175.43187    0.96154    0.96154    1.92309    0.00000
    38    0.05694  169.26895    0.96154    0.96154    1.92309    0.00000
    39    0.05850  163.10754    0.96154    0.96154    1.92308    0.00000
    40    0.06006  156.94743    0.96154    0.96154    1.92309    0.00000
    41    0.06162  150.78845    0.96154    0.96154    1.92308    0.00000
    42    0.06318  144.63040    0.96154    0.96154    1.92308    0.00000
    43    0.06474  138.47314    0.96154    0.96154    1.92308    0.00000
    44    0.06630  132.31656    0.96154    0.96154    1.92308    0.00000
    45    0.06786  126.16055    0.96154    0.96154    1.92308    0.00000
    46    0.06942  120.00499    0.96154    0.96154    1.92308    0.00000
    47    0.07098  113.84983    0.96154    0.96154    1.92308    0.00000
    48    0.07254  107.69495    0.96154    0.96154    1.92308    0.00000
    49    0.07410  101.54031    0.96154    0.96154    1.92308    0.00000
    50    0.07566   95.38589    0.96154    0.96154    1.92308    0.00000
    51    0.07722   89.23164    0.96154    0.96154    1.92308    0.00000
    52    0.07878   83.07753    0.96154    0.96154    1.92308    0.00000
    53    0.08034   76.92348    0.96154    0.96154    1.92307    0.00000
    54    0.08190   70.76949    0.96154    0.96154    1.92307    0.00000
    55    0.08346   64.61555    0.96154    0.96154    1.92308    0.00000
    56    0.08502   58.46167    0.96154    0.96154    1.92308    0.00000
    57    0.08658   52.30778    0.96154    0.96154    1.92308    0.00000
    58    0.08814   46.15393    0.96154    0.96154    1.92308    0.00000
    59    0.08970   40.00006    0.96154    0.96154    1.92307    0.00000
    60    0.09126   33.84620    0.96154    0.96154    1.92307    0.00000
    61    0.09282   27.69234    0.96154    0.96154    1.92308    0.00000
    62    0.09438   21.53850    0.96154    0.96154    1.92308    0.00000
    63    0.09594   15.38463    0.96154    0.96154    1.92308    0.00000
    64    0.09750    9.23080    0.96154    0.96154    1.92308    0.00000
    65    0.09906    3.07693    1.92307    0.96154    2.88461    0.00000
    66    0.09984    0.00000    0.00000    0.00000    1.00000    0.00000
