 # I XP T DE ATW ATP BT
     1    0.00000  400.00000    0.24000    0.00000    1.00000  400.00000
     2    0.00625  373.08688    0.12000    0.24000    0.36074    0.00000
     3    0.01875  321.54926    0.12000    0.12000    0.24047    0.00000
     4    0.03125  271.27432    0.12000    0.12000    0.24028    0.00000
     5    0.04375  221.63904    0.12000    0.12000    0.24015    0.00000
     6    0.05625  172.28880    0.12000    0.12000    0.24007    0.00000
     7    0.06875  123.04259    0.12000    0.12000    0.24003    0.00000
     8    0.08125   73.82346    0.12000    0.12000    0.24001    0.00000
     9    0.09375   24.60781    0.24000    0.12000    0.36000    0.00000
    10    0.10000    0.00000    0.00000    0.00000    1.00000    0.00000
