 # I XP T DE ATW ATP BT
     1    0.00000  400.00000    0.95847    0.00000    1.00000  400.00000
     2    0.00157  393.25931    0.47923    0.95847    1.43792    0.00000
     3    0.00470  379.95496    0.47923    0.47923    0.95866    0.00000
     4    0.00783  366.80502    0.47923    0.47923    0.95864    0.00000
     5    0.01096  353.78915    0.47923    0.47923    0.95862    0.00000
     6    0.01409  340.88931    0.47923    0.47923    0.95861    0.00000
     7    0.01722  328.08951    0.47923    0.47923    0.95859    0.00000
     8    0.02035  315.37546    0.47923    0.47923    0.95858    0.00000
     9    0.02348  302.73471    0.47923    0.47923    0.95856    0.00000
    10    0.02661  290.15616    0.47923    0.47923    0.95855    0.00000
    11    0.02974  277.63013    0.47923    0.47923    0.95854    0.00000
    12    0.03287  265.14807    0.47923    0.47923    0.95853    0.00000
    13    0.03599  252.70271    0.47923    0.47923    0.95852    0.00000
    14    0.03913  240.28746    0.47923    0.47923    0.95852    0.00000
    15    0.04225  227.89691    0.47923    0.47923    0.95851    0.00000
    16    0.04539  215.52629    0.47923    0.47923    0.95850    0.00000
    17    0.04851  203.17166    0.47923    0.47923    0.95850    0.00000
    18    0.05165  190.82961    0.47923    0.47923    0.95849    0.00000
    19    0.05477  178.49738    0.47923    0.47923    0.95849    0.00000
    20    0.05791  166.17264    0.47923    0.47923    0.95848    0.00000
    21    0.06103  153.85358    0.47923    0.47923    0.95848    0.00000
    22    0.06417  141.53864    0.47923    0.47923    0.95848    0.00000
    23    0.06729  129.22667    0.47923    0.47923    0.95847    0.00000
    24    0.07043  116.91673    0.47923    0.47923    0.95847    0.00000
    25    0.07356  104.60819    0.47923    0.47923    0.95847    0.00000
    26    0.07669   92.30050    0.47923    0.47923    0.95847    0.00000
    27    0.07982   79.99337    0.47923    0.47923    0.95847    0.00000
    28    0.08295   67.68650    0.47923    0.47923    0.95847    0.00000
    29    0.08608   55.37981    0.47923    0.47923    0.95847    0.00000
    30    0.08921   43.07315    0.47923    0.47923    0.95847    0.00000
    31    0.09234   30.76654    0.47923    0.47923    0.95847    0.00000
    32    0.09547   18.45992    0.47923    0.47923    0.95847    0.00000
    33    0.09860    6.15332    0.95847    0.47923    1.43770    0.00000
    34    0.10016    0.00000    0.00000    0.00000    1.00000    0.00000
