# XP T
0 0
0.00625 7.07539E-23
0.01875 2.99649E-22
0.03125 7.2728E-22
0.04375 1.5262E-21
0.05625 3.01878E-21
0.06875 5.80729E-21
0.08125 1.10169E-20
0.09375 2.07498E-20
0.10625 3.89331E-20
0.11875 7.29041E-20
0.13125 1.3637E-19
0.14375 2.54941E-19
0.15625 4.76459E-19
0.16875 8.90311E-19
0.18125 1.66349E-18
0.19375 3.10797E-18
0.20625 5.80662E-18
0.21875 1.08484E-17
0.23125 2.02676E-17
0.24375 3.7865E-17
0.25625 7.07413E-17
0.26875 1.32162E-16
0.28125 2.46912E-16
0.29375 4.61292E-16
0.30625 8.61807E-16
0.31875 1.61007E-15
0.33125 3.008E-15
0.34375 5.61969E-15
0.35625 1.0499E-14
0.36875 1.96146E-14
0.38125 3.6645E-14
0.39375 6.84618E-14
0.40625 1.27904E-13
0.41875 2.38955E-13
0.43125 4.46427E-13
0.44375 8.34036E-13
0.45625 1.55818E-12
0.46875 2.91107E-12
0.48125 5.4386E-12
0.49375 1.01606E-11
0.50625 1.89826E-11
0.51875 3.54641E-11
0.53125 6.62557E-11
0.54375 1.23782E-10
0.55625 2.31255E-10
0.56875 4.32041E-10
0.58125 8.07159E-10
0.59375 1.50797E-09
0.60625 2.81726E-09
0.61875 5.26334E-09
0.63125 9.83321E-09
0.64375 1.83709E-08
0.65625 3.43213E-08
0.66875 6.41206E-08
0.68125 1.19793E-07
0.69375 2.23803E-07
0.70625 4.18119E-07
0.71875 7.81149E-07
0.73125 1.45938E-06
0.74375 2.72648E-06
0.75625 5.09373E-06
0.76875 9.51634E-06
0.78125 1.77789E-05
0.79375 3.32153E-05
0.80625 6.20543E-05
0.81875 0.000115933
0.83125 0.000216591
0.84375 0.000404645
0.85625 0.000755977
0.86875 0.00141235
0.88125 0.002638618
0.89375 0.004929587
0.90625 0.009209682
0.91875 0.01720595
0.93125 0.032144947
0.94375 0.060054668
0.95625 0.112196891
0.96875 0.209611387
0.98125 0.391605627
0.99375 0.731615629
1 1
