 # I XP T DE ATW ATP BT
     1       0.0000       0.0000       0.0000       0.0000       1.0000       0.0000
     2       0.0500       0.0000       0.0000       0.0000       0.0000      -0.0000
     3       0.1500       0.0000       0.0000       0.0000       0.0000      -0.0000
     4       0.2500       0.0000       0.0000       0.0000       0.0000      -0.0000
     5       0.3500       0.0000       0.0000       0.0000       0.0000      -0.0000
     6       0.4500       0.0000       0.0000       0.0000       0.0000      -0.0000
     7       0.5500       0.0002       0.0000       0.0000       0.0000      -0.0000
     8       0.6500       0.0013       0.0000       0.0000       0.0000      -0.0000
     9       0.7500       0.0079       0.0000       0.0000       0.0000      -0.0000
    10       0.8500       0.0476       0.0000       0.0000       0.0000      -0.0000
    11       0.9500       0.2857       0.0000       0.0000       0.0000      -0.0000
    12       1.0000       1.0000       0.0000       0.0000       1.0000       1.0000
