 # I XP T DE ATW ATP BT
     1       0.0000       0.0000       0.0002       0.0000       1.0000       0.0000
     2       0.0125       0.0000       0.0001       0.0003       0.0003      -0.0000
     3       0.0375       0.0000       0.0001       0.0002       0.0003      -0.0000
     4       0.0625       0.0000       0.0001       0.0002       0.0003      -0.0000
     5       0.0875       0.0000       0.0001       0.0002       0.0003      -0.0000
     6       0.1125       0.0000       0.0001       0.0002       0.0003      -0.0000
     7       0.1375       0.0000       0.0001       0.0002       0.0003      -0.0000
     8       0.1625       0.0000       0.0001       0.0002       0.0003      -0.0000
     9       0.1875       0.0000       0.0001       0.0002       0.0003      -0.0000
    10       0.2125       0.0000       0.0001       0.0002       0.0003      -0.0000
    11       0.2375       0.0000       0.0001       0.0002       0.0003      -0.0000
    12       0.2625       0.0000       0.0001       0.0002       0.0003      -0.0000
    13       0.2875       0.0000       0.0001       0.0002       0.0003      -0.0000
    14       0.3125       0.0000       0.0001       0.0002       0.0003      -0.0000
    15       0.3375       0.0000       0.0001       0.0002       0.0003      -0.0000
    16       0.3625       0.0000       0.0001       0.0002       0.0003      -0.0000
    17       0.3875       0.0000       0.0001       0.0002       0.0003      -0.0000
    18       0.4125       0.0000       0.0001       0.0002       0.0003      -0.0000
    19       0.4375       0.0000       0.0001       0.0002       0.0003      -0.0000
    20       0.4625       0.0000       0.0001       0.0002       0.0003      -0.0000
    21       0.4875       0.0000       0.0001       0.0002       0.0003      -0.0000
    22       0.5125       0.0000       0.0001       0.0002       0.0003      -0.0000
    23       0.5375       0.0000       0.0001       0.0002       0.0003      -0.0000
    24       0.5625       0.0000       0.0001       0.0002       0.0003      -0.0000
    25       0.5875       0.0000       0.0001       0.0002       0.0003      -0.0000
    26       0.6125       0.0000       0.0001       0.0002       0.0003      -0.0000
    27       0.6375       0.0000       0.0001       0.0002       0.0003      -0.0000
    28       0.6625       0.0000       0.0001       0.0002       0.0003      -0.0000
    29       0.6875       0.0000       0.0001       0.0002       0.0003      -0.0000
    30       0.7125       0.0001       0.0001       0.0002       0.0003      -0.0000
    31       0.7375       0.0001       0.0001       0.0002       0.0003      -0.0000
    32       0.7625       0.0003       0.0001       0.0002       0.0003      -0.0000
    33       0.7875       0.0006       0.0001       0.0002       0.0003      -0.0000
    34       0.8125       0.0013       0.0001       0.0002       0.0003      -0.0000
    35       0.8375       0.0029       0.0001       0.0002       0.0003      -0.0000
    36       0.8625       0.0065       0.0001       0.0002       0.0003      -0.0000
    37       0.8875       0.0146       0.0001       0.0002       0.0003      -0.0000
    38       0.9125       0.0329       0.0001       0.0002       0.0003      -0.0000
    39       0.9375       0.0741       0.0001       0.0002       0.0003      -0.0000
    40       0.9625       0.1667       0.0001       0.0002       0.0003      -0.0000
    41       0.9875       0.3750       0.0002       0.0002       0.0002       0.0000
    42       1.0000       1.0000       0.0000       0.0000       1.0000       1.0000
