 # I XP T DE ATW ATP BT
     1       0.0000       0.0000       0.0003       0.0000       1.0000       0.0000
     2       0.0063       0.0000       0.0002       0.0004       0.0006       0.0000
     3       0.0188       0.0000       0.0002       0.0003       0.0004       0.0000
     4       0.0312       0.0000       0.0002       0.0003       0.0004       0.0000
     5       0.0438       0.0000       0.0002       0.0003       0.0004       0.0000
     6       0.0562       0.0000       0.0002       0.0003       0.0004       0.0000
     7       0.0688       0.0000       0.0002       0.0003       0.0004       0.0000
     8       0.0812       0.0000       0.0002       0.0003       0.0004       0.0000
     9       0.0938       0.0000       0.0002       0.0003       0.0004       0.0000
    10       0.1063       0.0000       0.0002       0.0003       0.0004       0.0000
    11       0.1188       0.0000       0.0002       0.0003       0.0004       0.0000
    12       0.1312       0.0000       0.0002       0.0003       0.0004       0.0000
    13       0.1438       0.0000       0.0002       0.0003       0.0004       0.0000
    14       0.1562       0.0000       0.0002       0.0003       0.0004       0.0000
    15       0.1688       0.0000       0.0002       0.0003       0.0004       0.0000
    16       0.1813       0.0000       0.0002       0.0003       0.0004       0.0000
    17       0.1937       0.0000       0.0002       0.0003       0.0004       0.0000
    18       0.2063       0.0000       0.0002       0.0003       0.0004       0.0000
    19       0.2188       0.0000       0.0002       0.0003       0.0004       0.0000
    20       0.2313       0.0000       0.0002       0.0003       0.0004       0.0000
    21       0.2438       0.0000       0.0002       0.0003       0.0004       0.0000
    22       0.2563       0.0000       0.0002       0.0003       0.0004       0.0000
    23       0.2688       0.0000       0.0002       0.0003       0.0004       0.0000
    24       0.2812       0.0000       0.0002       0.0003       0.0004       0.0000
    25       0.2937       0.0000       0.0002       0.0003       0.0004       0.0000
    26       0.3063       0.0000       0.0002       0.0003       0.0004       0.0000
    27       0.3188       0.0000       0.0002       0.0003       0.0004       0.0000
    28       0.3313       0.0000       0.0002       0.0003       0.0004       0.0000
    29       0.3438       0.0000       0.0002       0.0003       0.0004       0.0000
    30       0.3562       0.0000       0.0002       0.0003       0.0004       0.0000
    31       0.3688       0.0000       0.0002       0.0003       0.0004       0.0000
    32       0.3813       0.0000       0.0002       0.0003       0.0004       0.0000
    33       0.3938       0.0000       0.0002       0.0003       0.0004       0.0000
    34       0.4062       0.0000       0.0002       0.0003       0.0004       0.0000
    35       0.4187       0.0000       0.0002       0.0003       0.0004       0.0000
    36       0.4313       0.0000       0.0002       0.0003       0.0004       0.0000
    37       0.4438       0.0000       0.0002       0.0003       0.0004       0.0000
    38       0.4563       0.0000       0.0002       0.0003       0.0004       0.0000
    39       0.4688       0.0000       0.0002       0.0003       0.0004       0.0000
    40       0.4812       0.0000       0.0002       0.0003       0.0004       0.0000
    41       0.4938       0.0000       0.0002       0.0003       0.0004       0.0000
    42       0.5063       0.0000       0.0002       0.0003       0.0004       0.0000
    43       0.5188       0.0000       0.0002       0.0003       0.0004       0.0000
    44       0.5312       0.0000       0.0002       0.0003       0.0004       0.0000
    45       0.5438       0.0000       0.0002       0.0003       0.0004       0.0000
    46       0.5562       0.0000       0.0002       0.0003       0.0004       0.0000
    47       0.5688       0.0000       0.0002       0.0003       0.0004       0.0000
    48       0.5813       0.0000       0.0002       0.0003       0.0004       0.0000
    49       0.5938       0.0000       0.0002       0.0003       0.0004       0.0000
    50       0.6063       0.0000       0.0002       0.0003       0.0004       0.0000
    51       0.6187       0.0000       0.0002       0.0003       0.0004       0.0000
    52       0.6313       0.0000       0.0002       0.0003       0.0004       0.0000
    53       0.6438       0.0000       0.0002       0.0003       0.0004       0.0000
    54       0.6562       0.0000       0.0002       0.0003       0.0004       0.0000
    55       0.6688       0.0000       0.0002       0.0003       0.0004       0.0000
    56       0.6812       0.0000       0.0002       0.0003       0.0004       0.0000
    57       0.6938       0.0000       0.0002       0.0003       0.0004       0.0000
    58       0.7063       0.0000       0.0002       0.0003       0.0004       0.0000
    59       0.7188       0.0000       0.0002       0.0003       0.0004       0.0000
    60       0.7313       0.0000       0.0002       0.0003       0.0004       0.0000
    61       0.7437       0.0000       0.0002       0.0003       0.0004       0.0000
    62       0.7563       0.0001       0.0002       0.0003       0.0004       0.0000
    63       0.7688       0.0001       0.0002       0.0003       0.0004       0.0000
    64       0.7812       0.0002       0.0002       0.0003       0.0004       0.0000
    65       0.7938       0.0003       0.0002       0.0003       0.0004       0.0000
    66       0.8062       0.0005       0.0002       0.0003       0.0004       0.0000
    67       0.8188       0.0008       0.0002       0.0003       0.0004       0.0000
    68       0.8313       0.0012       0.0002       0.0003       0.0004       0.0000
    69       0.8438       0.0020       0.0002       0.0003       0.0004       0.0000
    70       0.8563       0.0033       0.0002       0.0003       0.0004       0.0000
    71       0.8687       0.0054       0.0002       0.0003       0.0004       0.0000
    72       0.8813       0.0087       0.0002       0.0003       0.0004       0.0000
    73       0.8938       0.0141       0.0002       0.0003       0.0004       0.0000
    74       0.9062       0.0230       0.0002       0.0003       0.0004       0.0000
    75       0.9188       0.0373       0.0002       0.0003       0.0004       0.0000
    76       0.9312       0.0607       0.0002       0.0003       0.0004       0.0000
    77       0.9438       0.0986       0.0002       0.0003       0.0004       0.0000
    78       0.9563       0.1602       0.0002       0.0003       0.0004       0.0000
    79       0.9688       0.2604       0.0002       0.0003       0.0004       0.0000
    80       0.9813       0.4231       0.0002       0.0003       0.0004       0.0000
    81       0.9937       0.6875       0.0003       0.0003       0.0005       0.0000
    82       1.0000       1.0000       0.0000       0.0000       1.0000       1.0000
