 # I XP T DE ATW ATP BT
     1    0.00000  400.00000    2.40000    0.00000    1.00000  400.00000
     2    0.01562  390.34970    1.20000    2.40000    3.64216   13.32792
     3    0.04688  373.65530    1.20000    1.20000    2.43698   11.34826
     4    0.07812  359.01727    1.20000    1.20000    2.43280    9.81748
     5    0.10938  346.01031    1.20000    1.20000    2.42936    8.60559
     6    0.14062  334.29785    1.20000    1.20000    2.42648    7.62515
     7    0.17188  323.60754    1.20000    1.20000    2.42402    6.81583
     8    0.20312  313.71460    1.20000    1.20000    2.42188    6.13502
     9    0.23438  304.42987    1.20000    1.20000    2.42000    5.55202
    10    0.26562  295.59143    1.20000    1.20000    2.41831    5.04446
    11    0.29688  287.05832    1.20000    1.20000    2.41676    4.59576
    12    0.32812  278.70584    1.20000    1.20000    2.41534    4.19366
    13    0.35938  270.42227    1.20000    1.20000    2.41402    3.82902
    14    0.39062  262.10641    1.20000    1.20000    2.41276    3.49516
    15    0.42188  253.66548    1.20000    1.20000    2.41157    3.18726
    16    0.45312  245.01393    1.20000    1.20000    2.41042    2.90202
    17    0.48438  236.07259    1.20000    1.20000    2.40932    2.63733
    18    0.51562  226.76784    1.20000    1.20000    2.40826    2.39203
    19    0.54688  217.03157    1.20000    1.20000    2.40725    2.16572
    20    0.57812  206.80092    1.20000    1.20000    2.40627    1.95858
    21    0.60938  196.01834    1.20000    1.20000    2.40534    1.77113
    22    0.64062  184.63179    1.20000    1.20000    2.40446    1.60407
    23    0.67188  172.59485    1.20000    1.20000    2.40364    1.45807
    24    0.70312  159.86697    1.20000    1.20000    2.40290    1.33357
    25    0.73438  146.41359    1.20000    1.20000    2.40222    1.23064
    26    0.76562  132.20610    1.20000    1.20000    2.40164    1.14876
    27    0.79688  117.22175    1.20000    1.20000    2.40114    1.08673
    28    0.82812  101.44331    1.20000    1.20000    2.40074    1.04266
    29    0.85938   84.85854    1.20000    1.20000    2.40043    1.01393
    30    0.89062   67.45946    1.20000    1.20000    2.40022    0.99737
    31    0.92188   49.24147    1.20000    1.20000    2.40008    0.98949
    32    0.95312   30.20238    1.20000    1.20000    2.40002    0.98681
    33    0.98438   10.34145    2.40000    1.20000    3.60000    0.98637
    34    1.00000    0.00000    0.00000    0.00000    1.00000    0.00000
