 # I XP T DE ATW ATP BT
     1       0.0000      19.2264       0.0020       0.0000       1.0000       0.0000
     2       0.0125      19.2264       0.0010       0.0020       0.0030       0.0000
     3       0.0375      19.2175       0.0010       0.0010       0.0020       0.0000
     4       0.0625      19.1997       0.0010       0.0010       0.0020       0.0000
     5       0.0875      19.1730       0.0010       0.0010       0.0020       0.0000
     6       0.1125      19.1375       0.0010       0.0010       0.0020       0.0000
     7       0.1375      19.0931       0.0010       0.0010       0.0020       0.0000
     8       0.1625      19.0399       0.0010       0.0010       0.0020       0.0000
     9       0.1875      18.9778       0.0010       0.0010       0.0020       0.0000
    10       0.2125      18.9070       0.0010       0.0010       0.0020       0.0000
    11       0.2375      18.8275       0.0010       0.0010       0.0020       0.0000
    12       0.2625      18.7392       0.0010       0.0010       0.0020       0.0000
    13       0.2875      18.6423       0.0010       0.0010       0.0020       0.0000
    14       0.3125      18.5367       0.0010       0.0010       0.0020       0.0000
    15       0.3375      18.4226       0.0010       0.0010       0.0020       0.0000
    16       0.3625      18.2999       0.0010       0.0010       0.0020       0.0000
    17       0.3875      18.1688       0.0010       0.0010       0.0020       0.0000
    18       0.4125      18.0293       0.0010       0.0010       0.0020       0.0000
    19       0.4375      17.8814       0.0010       0.0010       0.0020       0.0000
    20       0.4625      17.7253       0.0010       0.0010       0.0020       0.0000
    21       0.4875      17.5610       0.0010       0.0010       0.0020       0.0000
    22       0.5125      17.3885       0.0010       0.0010       0.0020       0.0000
    23       0.5375      17.2080       0.0010       0.0010       0.0020       0.0000
    24       0.5625      17.0196       0.0010       0.0010       0.0020       0.0000
    25       0.5875      16.8232       0.0010       0.0010       0.0020       0.0000
    26       0.6125      16.6191       0.0010       0.0010       0.0020       0.0000
    27       0.6375      16.4073       0.0010       0.0010       0.0020       0.0000
    28       0.6625      16.1879       0.0010       0.0010       0.0020       0.0000
    29       0.6875      15.9611       0.0010       0.0010       0.0020       0.0000
    30       0.7125      15.7268       0.0010       0.0010       0.0020       0.0000
    31       0.7375      15.4853       0.0010       0.0010       0.0020       0.0000
    32       0.7625      15.2366       0.0010       0.0010       0.0020       0.0000
    33       0.7875      14.9808       0.0010       0.0010       0.0020       0.0000
    34       0.8125      14.7181       0.0010       0.0010       0.0020       0.0000
    35       0.8375      14.4487       0.0010       0.0010       0.0020       0.0000
    36       0.8625      14.1725       0.0010       0.0010       0.0020       0.0000
    37       0.8875      13.8898       0.0010       0.0010       0.0020       0.0000
    38       0.9125      13.6006       0.0010       0.0010       0.0020       0.0000
    39       0.9375      13.3052       0.0010       0.0010       0.0020       0.0000
    40       0.9625      13.0036       0.0010       0.0010       0.0020       0.0000
    41       0.9875      12.6960       0.0020       0.0010       0.0030       0.0000
    42       1.0000      12.5392       0.0000       0.0020       0.0020       0.0000
