 # I XP T DE ATW ATP BT
     1    0.00000   10.67393    0.00200    0.00000    1.00000    0.00000
     2    0.01250   10.67393    0.00100    0.00200    0.00301    0.00008
     3    0.03750   10.66900    0.00100    0.00100    0.00201    0.00008
     4    0.06250   10.65912    0.00100    0.00100    0.00201    0.00008
     5    0.08750   10.64432    0.00100    0.00100    0.00201    0.00008
     6    0.11250   10.62459    0.00100    0.00100    0.00201    0.00008
     7    0.13750   10.59995    0.00100    0.00100    0.00201    0.00008
     8    0.16250   10.57040    0.00100    0.00100    0.00201    0.00008
     9    0.18750   10.53596    0.00100    0.00100    0.00201    0.00008
    10    0.21250   10.49665    0.00100    0.00100    0.00201    0.00008
    11    0.23750   10.45248    0.00100    0.00100    0.00201    0.00008
    12    0.26250   10.40348    0.00100    0.00100    0.00201    0.00008
    13    0.28750   10.34966    0.00100    0.00100    0.00201    0.00008
    14    0.31250   10.29106    0.00100    0.00100    0.00201    0.00008
    15    0.33750   10.22769    0.00100    0.00100    0.00201    0.00008
    16    0.36250   10.15960    0.00100    0.00100    0.00201    0.00008
    17    0.38750   10.08681    0.00100    0.00100    0.00201    0.00008
    18    0.41250   10.00935    0.00100    0.00100    0.00201    0.00008
    19    0.43750    9.92726    0.00100    0.00100    0.00201    0.00008
    20    0.46250    9.84058    0.00100    0.00100    0.00201    0.00007
    21    0.48750    9.74935    0.00100    0.00100    0.00201    0.00007
    22    0.51250    9.65361    0.00100    0.00100    0.00201    0.00007
    23    0.53750    9.55340    0.00100    0.00100    0.00201    0.00007
    24    0.56250    9.44877    0.00100    0.00100    0.00201    0.00007
    25    0.58750    9.33977    0.00100    0.00100    0.00201    0.00007
    26    0.61250    9.22645    0.00100    0.00100    0.00201    0.00007
    27    0.63750    9.10887    0.00100    0.00100    0.00201    0.00007
    28    0.66250    8.98707    0.00100    0.00100    0.00201    0.00007
    29    0.68750    8.86111    0.00100    0.00100    0.00201    0.00007
    30    0.71250    8.73106    0.00100    0.00100    0.00201    0.00007
    31    0.73750    8.59697    0.00100    0.00100    0.00201    0.00007
    32    0.76250    8.45890    0.00100    0.00100    0.00201    0.00006
    33    0.78750    8.31691    0.00100    0.00100    0.00201    0.00006
    34    0.81250    8.17108    0.00100    0.00100    0.00201    0.00006
    35    0.83750    8.02147    0.00100    0.00100    0.00201    0.00006
    36    0.86250    7.86815    0.00100    0.00100    0.00201    0.00006
    37    0.88750    7.71119    0.00100    0.00100    0.00201    0.00006
    38    0.91250    7.55067    0.00100    0.00100    0.00201    0.00006
    39    0.93750    7.38665    0.00100    0.00100    0.00201    0.00006
    40    0.96250    7.21921    0.00100    0.00100    0.00201    0.00005
    41    0.98750    7.04844    0.00200    0.00100    0.00301    0.00005
    42    1.00000    6.96142    0.00000    0.00200    0.00203    0.00000
