 # I XP T DE ATW ATP BT
     1       0.0000       9.9938       0.0020       0.0000       1.0000       0.0000
     2       0.0125       9.9938       0.0010       0.0010       0.0015       0.0001
     3       0.0375       9.9919       0.0010       0.0005       0.0010       0.0001
     4       0.0625       9.9830       0.0010       0.0005       0.0010       0.0001
     5       0.0875       9.9687       0.0010       0.0005       0.0010       0.0001
     6       0.1125       9.9498       0.0010       0.0005       0.0010       0.0001
     7       0.1375       9.9265       0.0010       0.0005       0.0010       0.0001
     8       0.1625       9.8987       0.0010       0.0005       0.0010       0.0001
     9       0.1875       9.8665       0.0010       0.0005       0.0010       0.0001
    10       0.2125       9.8297       0.0010       0.0005       0.0010       0.0001
    11       0.2375       9.7884       0.0010       0.0005       0.0010       0.0001
    12       0.2625       9.7426       0.0010       0.0005       0.0010       0.0001
    13       0.2875       9.6922       0.0010       0.0005       0.0010       0.0001
    14       0.3125       9.6373       0.0010       0.0005       0.0010       0.0001
    15       0.3375       9.5780       0.0010       0.0005       0.0010       0.0001
    16       0.3625       9.5142       0.0010       0.0005       0.0010       0.0001
    17       0.3875       9.4461       0.0010       0.0005       0.0010       0.0001
    18       0.4125       9.3735       0.0010       0.0005       0.0010       0.0001
    19       0.4375       9.2966       0.0010       0.0005       0.0010       0.0001
    20       0.4625       9.2154       0.0010       0.0005       0.0010       0.0001
    21       0.4875       9.1300       0.0010       0.0005       0.0010       0.0001
    22       0.5125       9.0403       0.0010       0.0005       0.0010       0.0001
    23       0.5375       8.9465       0.0010       0.0005       0.0010       0.0001
    24       0.5625       8.8485       0.0010       0.0005       0.0010       0.0001
    25       0.5875       8.7465       0.0010       0.0005       0.0010       0.0001
    26       0.6125       8.6404       0.0010       0.0005       0.0010       0.0001
    27       0.6375       8.5302       0.0010       0.0005       0.0010       0.0001
    28       0.6625       8.4162       0.0010       0.0005       0.0010       0.0001
    29       0.6875       8.2982       0.0010       0.0005       0.0010       0.0001
    30       0.7125       8.1764       0.0010       0.0005       0.0010       0.0001
    31       0.7375       8.0508       0.0010       0.0005       0.0010       0.0001
    32       0.7625       7.9215       0.0010       0.0005       0.0010       0.0001
    33       0.7875       7.7885       0.0010       0.0005       0.0010       0.0001
    34       0.8125       7.6519       0.0010       0.0005       0.0010       0.0001
    35       0.8375       7.5118       0.0010       0.0005       0.0010       0.0001
    36       0.8625       7.3683       0.0010       0.0005       0.0010       0.0001
    37       0.8875       7.2215       0.0010       0.0005       0.0010       0.0001
    38       0.9125       7.0714       0.0010       0.0005       0.0010       0.0001
    39       0.9375       6.9181       0.0010       0.0005       0.0010       0.0001
    40       0.9625       6.7611       0.0010       0.0005       0.0010       0.0001
    41       0.9875       6.5993       0.0020       0.0005       0.0015       0.0000
    42       1.0000       6.5178       0.0000       0.0020       0.0020       0.0000