 # I XP T DE ATW ATP BT
     1    0.00000   14.98790    0.00200    0.00000    1.00000    0.00000
     2    0.01250   14.98790    0.00100    0.00200    0.00300    0.00002
     3    0.03750   14.98096    0.00100    0.00100    0.00200    0.00002
     4    0.06250   14.96710    0.00100    0.00100    0.00200    0.00002
     5    0.08750   14.94631    0.00100    0.00100    0.00200    0.00002
     6    0.11250   14.91861    0.00100    0.00100    0.00200    0.00002
     7    0.13750   14.88401    0.00100    0.00100    0.00200    0.00002
     8    0.16250   14.84252    0.00100    0.00100    0.00200    0.00002
     9    0.18750   14.79416    0.00100    0.00100    0.00200    0.00002
    10    0.21250   14.73896    0.00100    0.00100    0.00200    0.00002
    11    0.23750   14.67694    0.00100    0.00100    0.00200    0.00002
    12    0.26250   14.60813    0.00100    0.00100    0.00200    0.00002
    13    0.28750   14.53256    0.00100    0.00100    0.00200    0.00002
    14    0.31250   14.45028    0.00100    0.00100    0.00200    0.00002
    15    0.33750   14.36131    0.00100    0.00100    0.00200    0.00002
    16    0.36250   14.26569    0.00100    0.00100    0.00200    0.00002
    17    0.38750   14.16348    0.00100    0.00100    0.00200    0.00002
    18    0.41250   14.05472    0.00100    0.00100    0.00200    0.00002
    19    0.43750   13.93945    0.00100    0.00100    0.00200    0.00002
    20    0.46250   13.81774    0.00100    0.00100    0.00200    0.00002
    21    0.48750   13.68963    0.00100    0.00100    0.00200    0.00002
    22    0.51250   13.55519    0.00100    0.00100    0.00200    0.00002
    23    0.53750   13.41449    0.00100    0.00100    0.00200    0.00002
    24    0.56250   13.26758    0.00100    0.00100    0.00200    0.00002
    25    0.58750   13.11453    0.00100    0.00100    0.00200    0.00002
    26    0.61250   12.95541    0.00100    0.00100    0.00200    0.00002
    27    0.63750   12.79030    0.00100    0.00100    0.00200    0.00002
    28    0.66250   12.61928    0.00100    0.00100    0.00200    0.00002
    29    0.68750   12.44242    0.00100    0.00100    0.00200    0.00002
    30    0.71250   12.25980    0.00100    0.00100    0.00200    0.00002
    31    0.73750   12.07151    0.00100    0.00100    0.00200    0.00002
    32    0.76250   11.87764    0.00100    0.00100    0.00200    0.00002
    33    0.78750   11.67828    0.00100    0.00100    0.00200    0.00002
    34    0.81250   11.47351    0.00100    0.00100    0.00200    0.00002
    35    0.83750   11.26343    0.00100    0.00100    0.00200    0.00002
    36    0.86250   11.04815    0.00100    0.00100    0.00200    0.00001
    37    0.88750   10.82775    0.00100    0.00100    0.00200    0.00001
    38    0.91250   10.60234    0.00100    0.00100    0.00200    0.00001
    39    0.93750   10.37203    0.00100    0.00100    0.00200    0.00001
    40    0.96250   10.13692    0.00100    0.00100    0.00200    0.00001
    41    0.98750    9.89713    0.00200    0.00100    0.00300    0.00001
    42    1.00000    9.77494    0.00000    0.00200    0.00203    0.00000
