 # I XP T DE ATW ATP BT
     1    0.00000   12.59924    0.00200    0.00000    1.00000    0.00000
     2    0.01250   12.59924    0.00100    0.00200    0.00300    0.00003
     3    0.03750   12.59341    0.00100    0.00100    0.00200    0.00003
     4    0.06250   12.58176    0.00100    0.00100    0.00200    0.00003
     5    0.08750   12.56429    0.00100    0.00100    0.00200    0.00003
     6    0.11250   12.54100    0.00100    0.00100    0.00200    0.00003
     7    0.13750   12.51191    0.00100    0.00100    0.00200    0.00003
     8    0.16250   12.47704    0.00100    0.00100    0.00200    0.00003
     9    0.18750   12.43639    0.00100    0.00100    0.00200    0.00003
    10    0.21250   12.38998    0.00100    0.00100    0.00200    0.00003
    11    0.23750   12.33785    0.00100    0.00100    0.00200    0.00003
    12    0.26250   12.28001    0.00100    0.00100    0.00200    0.00003
    13    0.28750   12.21649    0.00100    0.00100    0.00200    0.00003
    14    0.31250   12.14731    0.00100    0.00100    0.00200    0.00003
    15    0.33750   12.07252    0.00100    0.00100    0.00200    0.00003
    16    0.36250   11.99215    0.00100    0.00100    0.00200    0.00003
    17    0.38750   11.90622    0.00100    0.00100    0.00200    0.00003
    18    0.41250   11.81479    0.00100    0.00100    0.00200    0.00003
    19    0.43750   11.71790    0.00100    0.00100    0.00200    0.00003
    20    0.46250   11.61558    0.00100    0.00100    0.00200    0.00003
    21    0.48750   11.50789    0.00100    0.00100    0.00200    0.00003
    22    0.51250   11.39488    0.00100    0.00100    0.00200    0.00003
    23    0.53750   11.27660    0.00100    0.00100    0.00200    0.00003
    24    0.56250   11.15310    0.00100    0.00100    0.00200    0.00003
    25    0.58750   11.02444    0.00100    0.00100    0.00200    0.00002
    26    0.61250   10.89069    0.00100    0.00100    0.00200    0.00002
    27    0.63750   10.75189    0.00100    0.00100    0.00200    0.00002
    28    0.66250   10.60812    0.00100    0.00100    0.00200    0.00002
    29    0.68750   10.45945    0.00100    0.00100    0.00200    0.00002
    30    0.71250   10.30594    0.00100    0.00100    0.00200    0.00002
    31    0.73750   10.14766    0.00100    0.00100    0.00200    0.00002
    32    0.76250    9.98468    0.00100    0.00100    0.00200    0.00002
    33    0.78750    9.81709    0.00100    0.00100    0.00200    0.00002
    34    0.81250    9.64496    0.00100    0.00100    0.00200    0.00002
    35    0.83750    9.46836    0.00100    0.00100    0.00200    0.00002
    36    0.86250    9.28739    0.00100    0.00100    0.00200    0.00002
    37    0.88750    9.10211    0.00100    0.00100    0.00200    0.00002
    38    0.91250    8.91263    0.00100    0.00100    0.00200    0.00002
    39    0.93750    8.71903    0.00100    0.00100    0.00200    0.00002
    40    0.96250    8.52139    0.00100    0.00100    0.00200    0.00002
    41    0.98750    8.31981    0.00200    0.00100    0.00300    0.00002
    42    1.00000    8.21710    0.00000    0.00200    0.00203    0.00000
