 # I XP T DE ATW ATP BT
     1    0.00000   21.23438    0.20000    0.00000    0.20500    0.00000
     2    0.02500   21.76524    0.10000    0.20000    0.30018    0.00952
     3    0.07500   22.77053    0.10000    0.10000    0.20018    0.00996
     4    0.12500   23.71674    0.10000    0.10000    0.20018    0.01039
     5    0.17500   24.60124    0.10000    0.10000    0.20018    0.01080
     6    0.22500   25.42153    0.10000    0.10000    0.20018    0.01119
     7    0.27500   26.17518    0.10000    0.10000    0.20018    0.01156
     8    0.32500   26.85984    0.10000    0.10000    0.20018    0.01190
     9    0.37500   27.47328    0.10000    0.10000    0.20018    0.01223
    10    0.42500   28.01332    0.10000    0.10000    0.20018    0.01253
    11    0.47500   28.47791    0.10000    0.10000    0.20018    0.01281
    12    0.52500   28.86508    0.10000    0.10000    0.20018    0.01306
    13    0.57500   29.17298    0.10000    0.10000    0.20018    0.01330
    14    0.62500   29.39983    0.10000    0.10000    0.20018    0.01350
    15    0.67500   29.54398    0.10000    0.10000    0.20018    0.01368
    16    0.72500   29.60386    0.10000    0.10000    0.20018    0.01384
    17    0.77500   29.57802    0.10000    0.10000    0.20018    0.01397
    18    0.82500   29.46510    0.10000    0.10000    0.20018    0.01408
    19    0.87500   29.26386    0.10000    0.10000    0.20018    0.01415
    20    0.92500   28.97315    0.10000    0.10000    0.20018    0.01421
    21    0.97500   28.59192    0.10000    0.10000    0.20018    0.01423
    22    1.02500   28.11924    0.10000    0.10000    0.20018    0.01423
    23    1.07500   27.55426    0.10000    0.10000    0.20018    0.01421
    24    1.12500   26.89624    0.10000    0.10000    0.20018    0.01415
    25    1.17500   26.14454    0.10000    0.10000    0.20018    0.01408
    26    1.22500   25.29860    0.10000    0.10000    0.20018    0.01397
    27    1.27500   24.35798    0.10000    0.10000    0.20018    0.01384
    28    1.32500   23.32229    0.10000    0.10000    0.20018    0.01368
    29    1.37500   22.19127    0.10000    0.10000    0.20018    0.01350
    30    1.42500   20.96472    0.10000    0.10000    0.20018    0.01330
    31    1.47500   19.64251    0.10000    0.10000    0.20018    0.01306
    32    1.52500   18.22460    0.10000    0.10000    0.20018    0.01281
    33    1.57500   16.71104    0.10000    0.10000    0.20018    0.01253
    34    1.62500   15.10192    0.10000    0.10000    0.20018    0.01223
    35    1.67500   13.39739    0.10000    0.10000    0.20018    0.01190
    36    1.72500   11.59767    0.10000    0.10000    0.20018    0.01156
    37    1.77500    9.70302    0.10000    0.10000    0.20018    0.01119
    38    1.82500    7.71376    0.10000    0.10000    0.20018    0.01080
    39    1.87500    5.63024    0.10000    0.10000    0.20018    0.01039
    40    1.92500    3.45284    0.10000    0.10000    0.20018    0.00996
    41    1.97500    1.18196    0.20000    0.10000    0.30018    0.00952
    42    2.00000    0.00000    0.00000    0.00000    0.20500    0.00000
     1    0.00000    7.86683    0.20000    0.00000    0.20500    0.00000
     2    0.02500    8.06350    0.10000    0.20000    0.30018    0.00387
     3    0.07500    8.43246    0.10000    0.10000    0.20018    0.00405
     4    0.12500    8.77590    0.10000    0.10000    0.20018    0.00422
     5    0.17500    9.09276    0.10000    0.10000    0.20018    0.00438
     6    0.22500    9.38201    0.10000    0.10000    0.20018    0.00452
     7    0.27500    9.64272    0.10000    0.10000    0.20018    0.00466
     8    0.32500    9.87401    0.10000    0.10000    0.20018    0.00478
     9    0.37500   10.07508    0.10000    0.10000    0.20018    0.00489
    10    0.42500   10.24518    0.10000    0.10000    0.20018    0.00499
    11    0.47500   10.38366    0.10000    0.10000    0.20018    0.00507
    12    0.52500   10.48995    0.10000    0.10000    0.20018    0.00514
    13    0.57500   10.56353    0.10000    0.10000    0.20018    0.00519
    14    0.62500   10.60399    0.10000    0.10000    0.20018    0.00523
    15    0.67500   10.61101    0.10000    0.10000    0.20018    0.00526
    16    0.72500   10.58433    0.10000    0.10000    0.20018    0.00527
    17    0.77500   10.52381    0.10000    0.10000    0.20018    0.00526
    18    0.82500   10.42938    0.10000    0.10000    0.20018    0.00524
    19    0.87500   10.30107    0.10000    0.10000    0.20018    0.00521
    20    0.92500   10.13901    0.10000    0.10000    0.20018    0.00516
    21    0.97500    9.94344    0.10000    0.10000    0.20018    0.00509
    22    1.02500    9.71469    0.10000    0.10000    0.20018    0.00500
    23    1.07500    9.45318    0.10000    0.10000    0.20018    0.00490
    24    1.12500    9.15946    0.10000    0.10000    0.20018    0.00479
    25    1.17500    8.83417    0.10000    0.10000    0.20018    0.00465
    26    1.22500    8.47808    0.10000    0.10000    0.20018    0.00450
    27    1.27500    8.09205    0.10000    0.10000    0.20018    0.00433
    28    1.32500    7.67708    0.10000    0.10000    0.20018    0.00415
    29    1.37500    7.23427    0.10000    0.10000    0.20018    0.00395
    30    1.42500    6.76484    0.10000    0.10000    0.20018    0.00373
    31    1.47500    6.27014    0.10000    0.10000    0.20018    0.00350
    32    1.52500    5.75164    0.10000    0.10000    0.20018    0.00324
    33    1.57500    5.21094    0.10000    0.10000    0.20018    0.00297
    34    1.62500    4.64978    0.10000    0.10000    0.20018    0.00269
    35    1.67500    4.07002    0.10000    0.10000    0.20018    0.00238
    36    1.72500    3.47366    0.10000    0.10000    0.20018    0.00206
    37    1.77500    2.86285    0.10000    0.10000    0.20018    0.00173
    38    1.82500    2.23986    0.10000    0.10000    0.20018    0.00137
    39    1.87500    1.60713    0.10000    0.10000    0.20018    0.00100
    40    1.92500    0.96724    0.10000    0.10000    0.20018    0.00061
    41    1.97500    0.32292    0.20000    0.10000    0.30018    0.00021
    42    2.00000    0.00000    0.00000    0.00000    0.20500    0.00000
     1    0.00000    2.81523    0.20000    0.00000    0.20500    0.00000
     2    0.02500    2.88561    0.10000    0.20000    0.30018    0.00143
     3    0.07500    3.01716    0.10000    0.10000    0.20018    0.00150
     4    0.12500    3.13907    0.10000    0.10000    0.20018    0.00156
     5    0.17500    3.25095    0.10000    0.10000    0.20018    0.00162
     6    0.22500    3.35243    0.10000    0.10000    0.20018    0.00167
     7    0.27500    3.44319    0.10000    0.10000    0.20018    0.00172
     8    0.32500    3.52291    0.10000    0.10000    0.20018    0.00176
     9    0.37500    3.59133    0.10000    0.10000    0.20018    0.00179
    10    0.42500    3.64821    0.10000    0.10000    0.20018    0.00182
    11    0.47500    3.69335    0.10000    0.10000    0.20018    0.00185
    12    0.52500    3.72658    0.10000    0.10000    0.20018    0.00187
    13    0.57500    3.74778    0.10000    0.10000    0.20018    0.00188
    14    0.62500    3.75685    0.10000    0.10000    0.20018    0.00189
    15    0.67500    3.75373    0.10000    0.10000    0.20018    0.00189
    16    0.72500    3.73841    0.10000    0.10000    0.20018    0.00188
    17    0.77500    3.71091    0.10000    0.10000    0.20018    0.00187
    18    0.82500    3.67129    0.10000    0.10000    0.20018    0.00186
    19    0.87500    3.61963    0.10000    0.10000    0.20018    0.00183
    20    0.92500    3.55609    0.10000    0.10000    0.20018    0.00180
    21    0.97500    3.48083    0.10000    0.10000    0.20018    0.00177
    22    1.02500    3.39407    0.10000    0.10000    0.20018    0.00173
    23    1.07500    3.29607    0.10000    0.10000    0.20018    0.00168
    24    1.12500    3.18711    0.10000    0.10000    0.20018    0.00163
    25    1.17500    3.06751    0.10000    0.10000    0.20018    0.00157
    26    1.22500    2.93766    0.10000    0.10000    0.20018    0.00151
    27    1.27500    2.79794    0.10000    0.10000    0.20018    0.00144
    28    1.32500    2.64881    0.10000    0.10000    0.20018    0.00137
    29    1.37500    2.49073    0.10000    0.10000    0.20018    0.00129
    30    1.42500    2.32420    0.10000    0.10000    0.20018    0.00120
    31    1.47500    2.14977    0.10000    0.10000    0.20018    0.00112
    32    1.52500    1.96801    0.10000    0.10000    0.20018    0.00102
    33    1.57500    1.77952    0.10000    0.10000    0.20018    0.00093
    34    1.62500    1.58492    0.10000    0.10000    0.20018    0.00083
    35    1.67500    1.38487    0.10000    0.10000    0.20018    0.00072
    36    1.72500    1.18003    0.10000    0.10000    0.20018    0.00062
    37    1.77500    0.97112    0.10000    0.10000    0.20018    0.00051
    38    1.82500    0.75884    0.10000    0.10000    0.20018    0.00040
    39    1.87500    0.54392    0.10000    0.10000    0.20018    0.00029
    40    1.92500    0.32711    0.10000    0.10000    0.20018    0.00017
    41    1.97500    0.10916    0.20000    0.10000    0.30018    0.00006
    42    2.00000    0.00000    0.00000    0.00000    0.20500    0.00000
