 # I XP T DE ATW ATP BT
     1    0.00000  373.14999    3.83387    0.00000    1.00000  373.14999
     2    0.00157  372.70880    1.91693    3.83387    5.75230    0.44794
     3    0.00470  371.88486    1.91693    1.91693    3.83537    0.44794
     4    0.00783  371.11874    1.91693    1.91693    3.83537    0.44794
     5    0.01096  370.40988    1.91693    1.91693    3.83537    0.44794
     6    0.01409  369.75763    1.91693    1.91693    3.83537    0.44794
     7    0.01722  369.16153    1.91693    1.91693    3.83537    0.44794
     8    0.02035  368.62112    1.91693    1.91693    3.83537    0.44794
     9    0.02348  368.13599    1.91693    1.91693    3.83537    0.44794
    10    0.02661  367.70572    1.91693    1.91693    3.83537    0.44794
    11    0.02974  367.33002    1.91693    1.91693    3.83537    0.44794
    12    0.03287  367.00858    1.91694    1.91693    3.83537    0.44794
    13    0.03599  366.74115    1.91693    1.91694    3.83537    0.44794
    14    0.03913  366.52753    1.91694    1.91693    3.83537    0.44794
    15    0.04225  366.36746    1.91693    1.91694    3.83537    0.44794
    16    0.04539  366.26086    1.91694    1.91693    3.83537    0.44794
    17    0.04851  366.20764    1.91693    1.91694    3.83537    0.44794
    18    0.05165  366.20773    1.91694    1.91693    3.83537    0.44794
    19    0.05477  366.26114    1.91693    1.91694    3.83537    0.44794
    20    0.05791  366.36789    1.91694    1.91693    3.83537    0.44794
    21    0.06103  366.52814    1.91693    1.91694    3.83537    0.44794
    22    0.06417  366.74194    1.91694    1.91693    3.83537    0.44794
    23    0.06729  367.00955    1.91693    1.91694    3.83537    0.44794
    24    0.07043  367.33109    1.91694    1.91693    3.83537    0.44794
    25    0.07356  367.70685    1.91693    1.91694    3.83537    0.44794
    26    0.07669  368.13715    1.91694    1.91693    3.83537    0.44794
    27    0.07982  368.62222    1.91693    1.91694    3.83537    0.44794
    28    0.08295  369.16257    1.91694    1.91693    3.83537    0.44794
    29    0.08608  369.75854    1.91693    1.91694    3.83537    0.44794
    30    0.08921  370.41061    1.91694    1.91693    3.83537    0.44794
    31    0.09234  371.11932    1.91693    1.91694    3.83537    0.44794
    32    0.09547  371.88522    1.91694    1.91693    3.83537    0.44794
    33    0.09860  372.70892    3.83386    1.91694    5.75230    0.44794
    34    0.10016  373.14999    0.00000    0.00000    1.00000  373.14999
