 # I XP T DE ATW ATP BT
     1    0.00000  400.00000    0.00200    0.00000    1.00000  400.00000
     2    0.03125  179.47803    0.00100    0.00200    0.01120    1.10314
     3    0.09375  106.14630    0.00100    0.00100    0.00370    0.13496
     4    0.15625   77.80113    0.00100    0.00100    0.00267    0.03895
     5    0.21875   62.43980    0.00100    0.00100    0.00235    0.01616
     6    0.28125   52.46460    0.00100    0.00100    0.00220    0.00805
     7    0.34375   45.17327    0.00100    0.00100    0.00213    0.00443
     8    0.40625   39.35565    0.00100    0.00100    0.00209    0.00255
     9    0.46875   34.38506    0.00100    0.00100    0.00206    0.00149
    10    0.53125   29.90583    0.00100    0.00100    0.00204    0.00085
    11    0.59375   25.70571    0.00100    0.00100    0.00202    0.00046
    12    0.65625   21.65651    0.00100    0.00100    0.00201    0.00023
    13    0.71875   17.68259    0.00100    0.00100    0.00201    0.00010
    14    0.78125   13.74187    0.00100    0.00100    0.00200    0.00004
    15    0.84375    9.81321    0.00100    0.00100    0.00200    0.00001
    16    0.90625    5.88768    0.00100    0.00100    0.00200    0.00000
    17    0.96875    1.96256    0.00200    0.00100    0.00300    0.00000
    18    1.00000    0.00000    0.00000    0.00000    1.00000    0.00000
