 # I XP T DE ATW ATP BT
     1    0.00000  400.00000    0.00100    0.00000    1.00000  400.00000
     2    0.06250  134.82539    0.00050    0.00100    0.00845    0.70259
     3    0.18750   72.86864    0.00050    0.00050    0.00210    0.05995
     4    0.31250   50.87688    0.00050    0.00050    0.00137    0.01425
     5    0.43750   38.37838    0.00050    0.00050    0.00116    0.00461
     6    0.56250   28.94317    0.00050    0.00050    0.00107    0.00149
     7    0.68750   20.48756    0.00050    0.00050    0.00102    0.00037
     8    0.81250   12.27388    0.00050    0.00050    0.00101    0.00005
     9    0.93750    4.09117    0.00100    0.00050    0.00150    0.00000
    10    1.00000    0.00000    0.00000    0.00000    1.00000    0.00000
