 # I XP T DE ATW ATP BT
     1    0.00000  400.00000    0.00800    0.00000    1.00000  400.00000
     2    0.00781  285.76245    0.00400    0.00800    0.02027    1.77290
     3    0.02344  205.07625    0.00400    0.00400    0.01105    0.47025
     4    0.03907  163.58980    0.00400    0.00400    0.00955    0.19041
     5    0.05470  137.97581    0.00400    0.00400    0.00893    0.09636
     6    0.07034  120.39402    0.00400    0.00400    0.00862    0.05586
     7    0.08596  107.46852    0.00400    0.00400    0.00844    0.03546
     8    0.10159   97.49931    0.00400    0.00400    0.00833    0.02403
     9    0.11722   89.53286    0.00400    0.00400    0.00825    0.01708
    10    0.13285   82.99055    0.00400    0.00400    0.00820    0.01261
    11    0.14849   77.49957    0.00400    0.00400    0.00816    0.00959
    12    0.16411   72.80809    0.00400    0.00400    0.00813    0.00747
    13    0.17974   68.73940    0.00400    0.00400    0.00811    0.00594
    14    0.19537   65.16552    0.00400    0.00400    0.00810    0.00479
    15    0.21101   61.99127    0.00400    0.00400    0.00808    0.00393
    16    0.22663   59.14429    0.00400    0.00400    0.00807    0.00325
    17    0.24226   56.56847    0.00400    0.00400    0.00806    0.00272
    18    0.25789   54.21954    0.00400    0.00400    0.00805    0.00230
    19    0.27352   52.06209    0.00400    0.00400    0.00805    0.00195
    20    0.28916   50.06738    0.00400    0.00400    0.00804    0.00167
    21    0.30478   48.21186    0.00400    0.00400    0.00804    0.00144
    22    0.32041   46.47598    0.00400    0.00400    0.00803    0.00124
    23    0.33604   44.84340    0.00400    0.00400    0.00803    0.00108
    24    0.35167   43.30030    0.00400    0.00400    0.00803    0.00093
    25    0.36730   41.83496    0.00400    0.00400    0.00802    0.00081
    26    0.38293   40.43733    0.00400    0.00400    0.00802    0.00071
    27    0.39856   39.09876    0.00400    0.00400    0.00802    0.00062
    28    0.41420   37.81178    0.00400    0.00400    0.00802    0.00054
    29    0.42982   36.56987    0.00400    0.00400    0.00801    0.00048
    30    0.44545   35.36736    0.00400    0.00400    0.00801    0.00042
    31    0.46108   34.19927    0.00400    0.00400    0.00801    0.00036
    32    0.47671   33.06123    0.00400    0.00400    0.00801    0.00032
    33    0.49234   31.94938    0.00400    0.00400    0.00801    0.00028
    34    0.50797   30.86032    0.00400    0.00400    0.00801    0.00024
    35    0.52360   29.79107    0.00400    0.00400    0.00801    0.00021
    36    0.53923   28.73898    0.00400    0.00400    0.00801    0.00018
    37    0.55487   27.70170    0.00400    0.00400    0.00800    0.00016
    38    0.57050   26.67719    0.00400    0.00400    0.00800    0.00013
    39    0.58612   25.66363    0.00400    0.00400    0.00800    0.00012
    40    0.60175   24.65943    0.00400    0.00400    0.00800    0.00010
    41    0.61738   23.66317    0.00400    0.00400    0.00800    0.00008
    42    0.63301   22.67363    0.00400    0.00400    0.00800    0.00007
    43    0.64864   21.68974    0.00400    0.00400    0.00800    0.00006
    44    0.66427   20.71056    0.00400    0.00400    0.00800    0.00005
    45    0.67990   19.73530    0.00400    0.00400    0.00800    0.00004
    46    0.69553   18.76325    0.00400    0.00400    0.00800    0.00003
    47    0.71116   17.79383    0.00400    0.00400    0.00800    0.00003
    48    0.72679   16.82652    0.00400    0.00400    0.00800    0.00002
    49    0.74242   15.86090    0.00400    0.00400    0.00800    0.00002
    50    0.75805   14.89662    0.00400    0.00400    0.00800    0.00001
    51    0.77368   13.93337    0.00400    0.00400    0.00800    0.00001
    52    0.78931   12.97091    0.00400    0.00400    0.00800    0.00001
    53    0.80494   12.00905    0.00400    0.00400    0.00800    0.00001
    54    0.82057   11.04762    0.00400    0.00400    0.00800    0.00000
    55    0.83620   10.08650    0.00400    0.00400    0.00800    0.00000
    56    0.85183    9.12560    0.00400    0.00400    0.00800    0.00000
    57    0.86746    8.16485    0.00400    0.00400    0.00800    0.00000
    58    0.88309    7.20419    0.00400    0.00400    0.00800    0.00000
    59    0.89872    6.24358    0.00400    0.00400    0.00800    0.00000
    60    0.91435    5.28301    0.00400    0.00400    0.00800    0.00000
    61    0.92998    4.32246    0.00400    0.00400    0.00800    0.00000
    62    0.94561    3.36191    0.00400    0.00400    0.00800    0.00000
    63    0.96124    2.40136    0.00400    0.00400    0.00800    0.00000
    64    0.97687    1.44082    0.00400    0.00400    0.00800    0.00000
    65    0.99250    0.48027    0.00800    0.00400    0.01200    0.00000
    66    1.00032    0.00000        NaN    0.00000    1.00000    0.00000
