 # I XP T DE ATW ATP BT
     1    0.00000  400.00000    0.00400    0.00000    1.00000  400.00000
     2    0.01562  231.70889    0.00200    0.00400    0.01482    1.53223
     3    0.04688  150.49899    0.00200    0.00200    0.00642    0.27270
     4    0.07812  114.73948    0.00200    0.00200    0.00507    0.09213
     5    0.10938   94.33513    0.00200    0.00200    0.00459    0.04210
     6    0.14062   80.94688    0.00200    0.00200    0.00438    0.02282
     7    0.17188   71.36229    0.00200    0.00200    0.00426    0.01379
     8    0.20312   64.07525    0.00200    0.00200    0.00419    0.00896
     9    0.23438   58.28147    0.00200    0.00200    0.00414    0.00613
    10    0.26562   53.50971    0.00200    0.00200    0.00411    0.00436
    11    0.29688   49.46404    0.00200    0.00200    0.00409    0.00318
    12    0.32812   45.94836    0.00200    0.00200    0.00407    0.00237
    13    0.35938   42.82710    0.00200    0.00200    0.00406    0.00179
    14    0.39062   40.00324    0.00200    0.00200    0.00405    0.00136
    15    0.42188   37.40548    0.00200    0.00200    0.00404    0.00104
    16    0.45312   34.98023    0.00200    0.00200    0.00403    0.00080
    17    0.48438   32.68659    0.00200    0.00200    0.00402    0.00061
    18    0.51562   30.49295    0.00200    0.00200    0.00402    0.00046
    19    0.54688   28.37474    0.00200    0.00200    0.00402    0.00034
    20    0.57812   26.31284    0.00200    0.00200    0.00401    0.00025
    21    0.60938   24.29234    0.00200    0.00200    0.00401    0.00019
    22    0.64062   22.30176    0.00200    0.00200    0.00401    0.00013
    23    0.67188   20.33232    0.00200    0.00200    0.00401    0.00009
    24    0.70312   18.37740    0.00200    0.00200    0.00400    0.00006
    25    0.73438   16.43215    0.00200    0.00200    0.00400    0.00004
    26    0.76562   14.49305    0.00200    0.00200    0.00400    0.00002
    27    0.79688   12.55766    0.00200    0.00200    0.00400    0.00001
    28    0.82812   10.62436    0.00200    0.00200    0.00400    0.00001
    29    0.85938    8.69214    0.00200    0.00200    0.00400    0.00000
    30    0.89062    6.76039    0.00200    0.00200    0.00400    0.00000
    31    0.92188    4.82881    0.00200    0.00200    0.00400    0.00000
    32    0.95312    2.89728    0.00200    0.00200    0.00400    0.00000
    33    0.98438    0.96576    0.00400    0.00200    0.00600    0.00000
    34    1.00000    0.00000    0.00000    0.00000    1.00000    0.00000
