 # I XP T DE ATW ATP BT
     1    0.00000  400.00000    0.01425    0.00000    1.00000  400.00000
     2    0.00439  325.27026    0.00713    0.01425    0.02822    1.66986
     3    0.01316  253.91583    0.00713    0.00713    0.01751    0.62010
     4    0.02193  211.56569    0.00713    0.00713    0.01614    0.29887
     5    0.03070  183.19478    0.00713    0.00713    0.01548    0.16802
     6    0.03947  162.68262    0.00713    0.00713    0.01511    0.10449
     7    0.04823  147.05772    0.00713    0.00713    0.01489    0.06977
     8    0.05701  134.69611    0.00713    0.00713    0.01474    0.04910
     9    0.06577  124.63126    0.00713    0.00713    0.01464    0.03599
    10    0.07455  116.24989    0.00713    0.00713    0.01457    0.02724
    11    0.08331  109.14283    0.00713    0.00713    0.01451    0.02117
    12    0.09209  103.02584    0.00713    0.00713    0.01447    0.01681
    13    0.10086   97.69495    0.00713    0.00713    0.01444    0.01359
    14    0.10963   92.99964    0.00713    0.00713    0.01441    0.01116
    15    0.11840   88.82626    0.00713    0.00713    0.01439    0.00929
    16    0.12717   85.08721    0.00713    0.00713    0.01438    0.00782
    17    0.13594   81.71386    0.00713    0.00713    0.01436    0.00665
    18    0.14470   78.65155    0.00713    0.00713    0.01435    0.00571
    19    0.15348   75.85619    0.00713    0.00713    0.01434    0.00494
    20    0.16225   73.29179    0.00713    0.00713    0.01433    0.00430
    21    0.17101   70.92865    0.00713    0.00713    0.01432    0.00378
    22    0.17979   68.74197    0.00713    0.00713    0.01432    0.00333
    23    0.18856   66.71099    0.00713    0.00713    0.01431    0.00295
    24    0.19732   64.81805    0.00713    0.00713    0.01431    0.00263
    25    0.20610   63.04808    0.00713    0.00713    0.01430    0.00236
    26    0.21486   61.38816    0.00713    0.00713    0.01430    0.00212
    27    0.22364   59.82707    0.00713    0.00713    0.01430    0.00191
    28    0.23241   58.35509    0.00713    0.00713    0.01429    0.00173
    29    0.24117   56.96371    0.00713    0.00713    0.01429    0.00157
    30    0.24995   55.64542    0.00713    0.00713    0.01429    0.00143
    31    0.25872   54.39361    0.00713    0.00713    0.01429    0.00131
    32    0.26749   53.20240    0.00713    0.00713    0.01428    0.00120
    33    0.27626   52.06657    0.00713    0.00713    0.01428    0.00110
    34    0.28503   50.98142    0.00713    0.00713    0.01428    0.00101
    35    0.29379   49.94275    0.00713    0.00713    0.01428    0.00093
    36    0.30257   48.94675    0.00713    0.00713    0.01428    0.00086
    37    0.31134   47.98999    0.00713    0.00713    0.01428    0.00079
    38    0.32011   47.06934    0.00713    0.00713    0.01427    0.00073
    39    0.32888   46.18198    0.00713    0.00713    0.01427    0.00068
    40    0.33764   45.32529    0.00713    0.00713    0.01427    0.00063
    41    0.34642   44.49690    0.00713    0.00713    0.01427    0.00058
    42    0.35519   43.69461    0.00713    0.00713    0.01427    0.00054
    43    0.36396   42.91639    0.00713    0.00713    0.01427    0.00051
    44    0.37273   42.16039    0.00713    0.00713    0.01427    0.00047
    45    0.38149   41.42488    0.00713    0.00713    0.01427    0.00044
    46    0.39026   40.70823    0.00713    0.00713    0.01427    0.00041
    47    0.39904   40.00894    0.00713    0.00713    0.01427    0.00038
    48    0.40781   39.32563    0.00713    0.00713    0.01427    0.00036
    49    0.41658   38.65699    0.00713    0.00713    0.01426    0.00033
    50    0.42535   38.00179    0.00713    0.00713    0.01426    0.00031
    51    0.43411   37.35888    0.00713    0.00713    0.01426    0.00029
    52    0.44289   36.72717    0.00713    0.00713    0.01426    0.00027
    53    0.45166   36.10565    0.00713    0.00713    0.01426    0.00025
    54    0.46043   35.49336    0.00713    0.00713    0.01426    0.00024
    55    0.46920   34.88941    0.00713    0.00713    0.01426    0.00022
    56    0.47796   34.29293    0.00713    0.00713    0.01426    0.00021
    57    0.48674   33.70312    0.00713    0.00713    0.01426    0.00019
    58    0.49551   33.11924    0.00713    0.00713    0.01426    0.00018
    59    0.50428   32.54055    0.00713    0.00713    0.01426    0.00017
    60    0.51305   31.96641    0.00713    0.00713    0.01426    0.00016
    61    0.52182   31.39617    0.00713    0.00713    0.01426    0.00014
    62    0.53058   30.82924    0.00713    0.00713    0.01426    0.00013
    63    0.53936   30.26506    0.00713    0.00713    0.01426    0.00013
    64    0.54813   29.70313    0.00713    0.00713    0.01426    0.00012
    65    0.55690   29.14294    0.00713    0.00713    0.01426    0.00011
    66    0.56567   28.58407    0.00713    0.00713    0.01426    0.00010
    67    0.57443   28.02609    0.00713    0.00713    0.01426    0.00009
    68    0.58320   27.46863    0.00713    0.00713    0.01426    0.00008
    69    0.59198   26.91133    0.00713    0.00713    0.01426    0.00008
    70    0.60075   26.35390    0.00713    0.00713    0.01426    0.00007
    71    0.60952   25.79605    0.00713    0.00713    0.01426    0.00007
    72    0.61829   25.23753    0.00713    0.00713    0.01426    0.00006
    73    0.62706   24.67812    0.00713    0.00713    0.01426    0.00006
    74    0.63583   24.11766    0.00713    0.00713    0.01426    0.00005
    75    0.64460   23.55598    0.00713    0.00713    0.01426    0.00005
    76    0.65337   22.99295    0.00713    0.00713    0.01426    0.00004
    77    0.66214   22.42849    0.00713    0.00713    0.01426    0.00004
    78    0.67090   21.86252    0.00713    0.00713    0.01426    0.00003
    79    0.67967   21.29501    0.00713    0.00713    0.01426    0.00003
    80    0.68845   20.72591    0.00713    0.00713    0.01425    0.00003
    81    0.69722   20.15525    0.00713    0.00713    0.01425    0.00002
    82    0.70599   19.58304    0.00713    0.00713    0.01425    0.00002
    83    0.71475   19.00933    0.00713    0.00713    0.01425    0.00002
    84    0.72353   18.43415    0.00713    0.00713    0.01425    0.00002
    85    0.73230   17.85759    0.00713    0.00713    0.01425    0.00002
    86    0.74107   17.27972    0.00713    0.00713    0.01425    0.00001
    87    0.74984   16.70064    0.00713    0.00713    0.01425    0.00001
    88    0.75861   16.12042    0.00713    0.00713    0.01425    0.00001
    89    0.76737   15.53918    0.00713    0.00713    0.01425    0.00001
    90    0.77614   14.95700    0.00713    0.00713    0.01425    0.00001
    91    0.78492   14.37398    0.00713    0.00713    0.01425    0.00001
    92    0.79369   13.79022    0.00713    0.00713    0.01425    0.00001
    93    0.80246   13.20582    0.00713    0.00713    0.01425    0.00000
    94    0.81122   12.62086    0.00713    0.00713    0.01425    0.00000
    95    0.82000   12.03542    0.00713    0.00713    0.01425    0.00000
    96    0.82877   11.44957    0.00713    0.00713    0.01425    0.00000
    97    0.83754   10.86339    0.00713    0.00713    0.01425    0.00000
    98    0.84631   10.27692    0.00713    0.00713    0.01425    0.00000
    99    0.85508    9.69023    0.00713    0.00713    0.01425    0.00000
   100    0.86384    9.10336    0.00713    0.00713    0.01425    0.00000
   101    0.87262    8.51635    0.00713    0.00713    0.01425    0.00000
   102    0.88139    7.92923    0.00713    0.00713    0.01425    0.00000
   103    0.89016    7.34203    0.00713    0.00713    0.01425    0.00000
   104    0.89893    6.75476    0.00713    0.00713    0.01425    0.00000
   105    0.90770    6.16745    0.00713    0.00713    0.01425    0.00000
   106    0.91647    5.58012    0.00713    0.00713    0.01425    0.00000
   107    0.92524    4.99276    0.00713    0.00713    0.01425    0.00000
   108    0.93401    4.40539    0.00713    0.00713    0.01425    0.00000
   109    0.94278    3.81801    0.00713    0.00713    0.01425    0.00000
   110    0.95155    3.23063    0.00713    0.00713    0.01425    0.00000
   111    0.96031    2.64324    0.00713    0.00713    0.01425    0.00000
   112    0.96909    2.05585    0.00713    0.00713    0.01425    0.00000
   113    0.97786    1.46847    0.00713    0.00713    0.01425    0.00000
   114    0.98663    0.88108    0.00713    0.00713    0.01425    0.00000
   115    0.99540    0.29369    0.01425    0.00713    0.02138    0.00000
   116    0.99978    0.00000    0.00000    0.00000    1.00000    0.00000
