 # I XP T DE ATW ATP BT
     1    0.00000  400.00000    1.92000    0.00000    1.00000  400.00000
     2    0.00313  387.00589    0.96000    1.92000    2.88329    0.95393
     3    0.00938  361.34897    0.96000    0.96000    1.92268    0.72502
     4    0.01562  335.94379    0.96000    0.96000    1.92215    0.54164
     5    0.02188  310.72665    0.96000    0.96000    1.92170    0.39642
     6    0.02812  285.64719    0.96000    0.96000    1.92132    0.28312
     7    0.03438  260.66605    0.96000    0.96000    1.92100    0.19633
     8    0.04062  235.75302    0.96000    0.96000    1.92074    0.13136
     9    0.04688  210.88560    0.96000    0.96000    1.92053    0.08411
    10    0.05313  186.04736    0.96000    0.96000    1.92036    0.05095
    11    0.05938  161.22681    0.96000    0.96000    1.92024    0.02873
    12    0.06562  136.41624    0.96000    0.96000    1.92014    0.01473
    13    0.07188  111.61074    0.96000    0.96000    1.92008    0.00660
    14    0.07812   86.80759    0.96000    0.96000    1.92004    0.00241
    15    0.08438   62.00526    0.96000    0.96000    1.92001    0.00063
    16    0.09063   37.20313    0.96000    0.96000    1.92000    0.00008
    17    0.09687   12.40107    1.92000    0.96000    2.88000    0.00000
    18    0.10000    0.00000    0.00000    0.00000    1.00000    0.00000
