 # I XP T DE ATW ATP BT
     1    0.00000  400.00000    0.96000    0.00000    1.00000  400.00000
     2    0.00625  374.02795    0.48000    0.96000    1.44593    1.66453
     3    0.01875  323.23972    0.48000    0.48000    0.96383    0.92848
     4    0.03125  273.09625    0.48000    0.48000    0.96231    0.47308
     5    0.04375  223.28131    0.48000    0.48000    0.96126    0.21139
     6    0.05625  173.61319    0.48000    0.48000    0.96059    0.07727
     7    0.06875  123.99867    0.48000    0.48000    0.96022    0.02011
     8    0.08125   74.39813    0.48000    0.48000    0.96005    0.00261
     9    0.09375   24.79937    0.96000    0.48000    1.44000    0.00003
    10    0.10000    0.00000    0.00000    0.00000    1.00000    0.00000
