 # I XP T DE ATW ATP BT
     1    0.00000  400.00000    3.83387    0.00000    1.00000  400.00000
     2    0.00157  393.50116    1.91693    3.83387    5.75253    0.51061
     3    0.00470  380.59222    1.91693    1.91693    3.83543    0.44684
     4    0.00783  367.76102    1.91693    1.91693    3.83528    0.38956
     5    0.01096  354.99756    1.91693    1.91693    3.83514    0.33823
     6    0.01409  342.29294    1.91693    1.91693    3.83500    0.29235
     7    0.01722  329.63916    1.91693    1.91693    3.83488    0.25146
     8    0.02035  317.02911    1.91693    1.91693    3.83477    0.21513
     9    0.02348  304.45645    1.91693    1.91693    3.83467    0.18298
    10    0.02661  291.91559    1.91693    1.91693    3.83457    0.15465
    11    0.02974  279.40167    1.91693    1.91693    3.83448    0.12979
    12    0.03287  266.91034    1.91694    1.91693    3.83441    0.10809
    13    0.03599  254.43784    1.91693    1.91694    3.83433    0.08926
    14    0.03913  241.98082    1.91694    1.91693    3.83427    0.07302
    15    0.04225  229.53650    1.91693    1.91694    3.83421    0.05912
    16    0.04539  217.10242    1.91694    1.91693    3.83416    0.04731
    17    0.04851  204.67659    1.91693    1.91694    3.83411    0.03738
    18    0.05165  192.25723    1.91694    1.91693    3.83407    0.02910
    19    0.05477  179.84294    1.91693    1.91694    3.83403    0.02228
    20    0.05791  167.43250    1.91694    1.91693    3.83400    0.01674
    21    0.06103  155.02496    1.91693    1.91694    3.83397    0.01230
    22    0.06417  142.61954    1.91694    1.91693    3.83395    0.00881
    23    0.06729  130.21565    1.91693    1.91694    3.83393    0.00612
    24    0.07043  117.81279    1.91694    1.91693    3.83391    0.00410
    25    0.07356  105.41068    1.91693    1.91694    3.83390    0.00263
    26    0.07669   93.00900    1.91694    1.91693    3.83389    0.00159
    27    0.07982   80.60760    1.91693    1.91694    3.83388    0.00090
    28    0.08295   68.20632    1.91694    1.91693    3.83387    0.00046
    29    0.08608   55.80515    1.91693    1.91694    3.83387    0.00021
    30    0.08921   43.40398    1.91694    1.91693    3.83387    0.00008
    31    0.09234   31.00285    1.91693    1.91694    3.83387    0.00002
    32    0.09547   18.60170    1.91694    1.91693    3.83387    0.00000
    33    0.09860    6.20058    3.83386    1.91694    5.75080    0.00000
    34    0.10016    0.00000    0.00000    0.00000    1.00000    0.00000
