 # I XP T DE ATW ATP BT
     1    0.00000  400.00000    0.00160    0.00000    1.00000  400.00000
     2    0.00157  338.04501    0.00080    0.00160    0.00294    0.13905
     3    0.00470  272.16599    0.00080    0.00080    0.00188    0.05843
     4    0.00783  230.67050    0.00080    0.00080    0.00177    0.03015
     5    0.01096  201.75648    0.00080    0.00080    0.00171    0.01764
     6    0.01409  180.20572    0.00080    0.00080    0.00168    0.01123
     7    0.01722  163.34134    0.00080    0.00080    0.00166    0.00758
     8    0.02035  149.64024    0.00080    0.00080    0.00165    0.00534
     9    0.02348  138.16728    0.00080    0.00080    0.00163    0.00388
    10    0.02661  128.31372    0.00080    0.00080    0.00163    0.00289
    11    0.02974  119.66464    0.00080    0.00080    0.00162    0.00218
    12    0.03287  111.92661    0.00080    0.00080    0.00162    0.00167
    13    0.03599  104.88580    0.00080    0.00080    0.00161    0.00129
    14    0.03913   98.38250    0.00080    0.00080    0.00161    0.00100
    15    0.04225   92.29522    0.00080    0.00080    0.00161    0.00077
    16    0.04539   86.53003    0.00080    0.00080    0.00161    0.00060
    17    0.04851   81.01359    0.00080    0.00080    0.00160    0.00046
    18    0.05165   75.68817    0.00080    0.00080    0.00160    0.00035
    19    0.05477   70.50822    0.00080    0.00080    0.00160    0.00026
    20    0.05791   65.43774    0.00080    0.00080    0.00160    0.00020
    21    0.06103   60.44845    0.00080    0.00080    0.00160    0.00014
    22    0.06417   55.51822    0.00080    0.00080    0.00160    0.00010
    23    0.06729   50.63002    0.00080    0.00080    0.00160    0.00007
    24    0.07043   45.77084    0.00080    0.00080    0.00160    0.00005
    25    0.07356   40.93107    0.00080    0.00080    0.00160    0.00003
    26    0.07669   36.10369    0.00080    0.00080    0.00160    0.00002
    27    0.07982   31.28382    0.00080    0.00080    0.00160    0.00001
    28    0.08295   26.46818    0.00080    0.00080    0.00160    0.00001
    29    0.08608   21.65472    0.00080    0.00080    0.00160    0.00000
    30    0.08921   16.84222    0.00080    0.00080    0.00160    0.00000
    31    0.09234   12.03009    0.00080    0.00080    0.00160    0.00000
    32    0.09547    7.21804    0.00080    0.00080    0.00160    0.00000
    33    0.09860    2.40602    0.00160    0.00080    0.00240    0.00000
    34    0.10016    0.00000    0.00000    0.00000    1.00000    0.00000
