 # I XP T DE ATW ATP BT
     1    0.00000  400.00000    0.00321    0.00000    1.00000  400.00000
     2    0.00078  367.18530    0.00160    0.00321    0.00516    0.09647
     3    0.00234  321.62204    0.00160    0.00160    0.00344    0.05679
     4    0.00390  287.87027    0.00160    0.00160    0.00337    0.03645
     5    0.00546  261.69916    0.00160    0.00160    0.00333    0.02489
     6    0.00702  240.70567    0.00160    0.00160    0.00330    0.01782
     7    0.00858  223.41785    0.00160    0.00160    0.00328    0.01322
     8    0.01014  208.88033    0.00160    0.00160    0.00327    0.01010
     9    0.01170  196.44406    0.00160    0.00160    0.00326    0.00790
    10    0.01326  185.65146    0.00160    0.00160    0.00325    0.00630
    11    0.01482  176.16983    0.00160    0.00160    0.00324    0.00511
    12    0.01638  167.75102    0.00160    0.00160    0.00324    0.00420
    13    0.01794  160.20573    0.00160    0.00160    0.00323    0.00350
    14    0.01950  153.38681    0.00160    0.00160    0.00323    0.00294
    15    0.02106  147.17792    0.00160    0.00160    0.00323    0.00249
    16    0.02262  141.48572    0.00160    0.00160    0.00323    0.00213
    17    0.02418  136.23436    0.00160    0.00160    0.00322    0.00183
    18    0.02574  131.36137    0.00160    0.00160    0.00322    0.00158
    19    0.02730  126.81483    0.00160    0.00160    0.00322    0.00137
    20    0.02886  122.55116    0.00160    0.00160    0.00322    0.00120
    21    0.03042  118.53337    0.00160    0.00160    0.00322    0.00105
    22    0.03198  114.72993    0.00160    0.00160    0.00322    0.00092
    23    0.03354  111.11366    0.00160    0.00160    0.00321    0.00081
    24    0.03510  107.66104    0.00160    0.00160    0.00321    0.00071
    25    0.03666  104.35151    0.00160    0.00160    0.00321    0.00063
    26    0.03822  101.16708    0.00160    0.00160    0.00321    0.00056
    27    0.03978   98.09191    0.00160    0.00160    0.00321    0.00049
    28    0.04134   95.11193    0.00160    0.00160    0.00321    0.00043
    29    0.04290   92.21471    0.00160    0.00160    0.00321    0.00038
    30    0.04446   89.38917    0.00160    0.00160    0.00321    0.00034
    31    0.04602   86.62540    0.00160    0.00160    0.00321    0.00030
    32    0.04758   83.91463    0.00160    0.00160    0.00321    0.00026
    33    0.04914   81.24899    0.00160    0.00160    0.00321    0.00023
    34    0.05070   78.62149    0.00160    0.00160    0.00321    0.00020
    35    0.05226   76.02592    0.00160    0.00160    0.00321    0.00018
    36    0.05382   73.45679    0.00160    0.00160    0.00321    0.00015
    37    0.05538   70.90929    0.00160    0.00160    0.00321    0.00013
    38    0.05694   68.37923    0.00160    0.00160    0.00321    0.00012
    39    0.05850   65.86296    0.00160    0.00160    0.00321    0.00010
    40    0.06006   63.35739    0.00160    0.00160    0.00321    0.00009
    41    0.06162   60.85992    0.00160    0.00160    0.00321    0.00007
    42    0.06318   58.36837    0.00160    0.00160    0.00321    0.00006
    43    0.06474   55.88098    0.00160    0.00160    0.00321    0.00005
    44    0.06630   53.39635    0.00160    0.00160    0.00321    0.00004
    45    0.06786   50.91343    0.00160    0.00160    0.00321    0.00004
    46    0.06942   48.43139    0.00160    0.00160    0.00321    0.00003
    47    0.07098   45.94970    0.00160    0.00160    0.00321    0.00002
    48    0.07254   43.46796    0.00160    0.00160    0.00321    0.00002
    49    0.07410   40.98595    0.00160    0.00160    0.00321    0.00001
    50    0.07566   38.50356    0.00160    0.00160    0.00321    0.00001
    51    0.07722   36.02077    0.00160    0.00160    0.00321    0.00001
    52    0.07878   33.53759    0.00160    0.00160    0.00321    0.00001
    53    0.08034   31.05406    0.00160    0.00160    0.00321    0.00000
    54    0.08190   28.57025    0.00160    0.00160    0.00321    0.00000
    55    0.08346   26.08622    0.00160    0.00160    0.00321    0.00000
    56    0.08502   23.60204    0.00160    0.00160    0.00321    0.00000
    57    0.08658   21.11774    0.00160    0.00160    0.00321    0.00000
    58    0.08814   18.63338    0.00160    0.00160    0.00321    0.00000
    59    0.08970   16.14896    0.00160    0.00160    0.00321    0.00000
    60    0.09126   13.66452    0.00160    0.00160    0.00321    0.00000
    61    0.09282   11.18006    0.00160    0.00160    0.00321    0.00000
    62    0.09438    8.69561    0.00160    0.00160    0.00321    0.00000
    63    0.09594    6.21115    0.00160    0.00160    0.00321    0.00000
    64    0.09750    3.72670    0.00160    0.00160    0.00321    0.00000
    65    0.09906    1.24223    0.00321    0.00160    0.00481    0.00000
    66    0.09984    0.00000    0.00000    0.00000    1.00000    0.00000
