 # I XP T DE ATW ATP BT
     1    0.00000  400.00000    0.00040    0.00000    1.00000  400.00000
     2    0.00625  240.29123    0.00020    0.00040    0.00139    0.14177
     3    0.01875  157.16322    0.00020    0.00020    0.00062    0.02594
     4    0.03125  117.27564    0.00020    0.00020    0.00049    0.00804
     5    0.04375   90.79171    0.00020    0.00020    0.00044    0.00289
     6    0.05625   69.11768    0.00020    0.00020    0.00042    0.00097
     7    0.06875   49.05557    0.00020    0.00020    0.00041    0.00025
     8    0.08125   29.40163    0.00020    0.00020    0.00040    0.00003
     9    0.09375    9.80033    0.00040    0.00020    0.00060    0.00000
    10    0.10000    0.00000    0.00000    0.00000    1.00000    0.00000
