 # I XP T DE ATW ATP BT
     1    0.00000  400.00000    0.00080    0.00000    1.00000  400.00000
     2    0.00313  293.93353    0.00040    0.00080    0.00192    0.15871
     3    0.00938  214.06097    0.00040    0.00040    0.00108    0.04464
     4    0.01562  171.39191    0.00040    0.00040    0.00094    0.01835
     5    0.02188  144.01221    0.00040    0.00040    0.00088    0.00915
     6    0.02812  124.25356    0.00040    0.00040    0.00085    0.00507
     7    0.03438  108.71771    0.00040    0.00040    0.00084    0.00297
     8    0.04062   95.65617    0.00040    0.00040    0.00082    0.00178
     9    0.04688   84.07674    0.00040    0.00040    0.00082    0.00106
    10    0.05313   73.38114    0.00040    0.00040    0.00081    0.00062
    11    0.05938   63.19782    0.00040    0.00040    0.00081    0.00034
    12    0.06562   53.29600    0.00040    0.00040    0.00080    0.00017
    13    0.07188   43.53639    0.00040    0.00040    0.00080    0.00008
    14    0.07812   33.84009    0.00040    0.00040    0.00080    0.00003
    15    0.08438   24.16686    0.00040    0.00040    0.00080    0.00001
    16    0.09063   14.49965    0.00040    0.00040    0.00080    0.00000
    17    0.09687    4.83322    0.00080    0.00040    0.00120    0.00000
    18    0.10000    0.00000    0.00000    0.00000    1.00000    0.00000
