 # I XP T DE ATW ATP BT
     1    0.00000  400.00000    0.00500    0.00000    1.00000  400.00000
     2    0.00050  378.66370    0.00250    0.00500    0.00775    0.06994
     3    0.00150  345.31699    0.00250    0.00250    0.00519    0.04837
     4    0.00250  318.42007    0.00250    0.00250    0.00515    0.03497
     5    0.00350  296.18628    0.00250    0.00250    0.00512    0.02618
     6    0.00450  277.44336    0.00250    0.00250    0.00510    0.02016
     7    0.00550  261.38800    0.00250    0.00250    0.00508    0.01588
     8    0.00650  247.45010    0.00250    0.00250    0.00507    0.01276
     9    0.00750  235.21288    0.00250    0.00250    0.00506    0.01041
    10    0.00850  224.36400    0.00250    0.00250    0.00505    0.00862
    11    0.00950  214.66451    0.00250    0.00250    0.00504    0.00722
    12    0.01050  205.92812    0.00250    0.00250    0.00504    0.00612
    13    0.01150  198.00735    0.00250    0.00250    0.00504    0.00523
    14    0.01250  190.78377    0.00250    0.00250    0.00503    0.00451
    15    0.01350  184.16100    0.00250    0.00250    0.00503    0.00391
    16    0.01450  178.05981    0.00250    0.00250    0.00503    0.00342
    17    0.01550  172.41444    0.00250    0.00250    0.00502    0.00301
    18    0.01650  167.16969    0.00250    0.00250    0.00502    0.00266
    19    0.01750  162.27890    0.00250    0.00250    0.00502    0.00236
    20    0.01850  157.70242    0.00250    0.00250    0.00502    0.00210
    21    0.01950  153.40614    0.00250    0.00250    0.00502    0.00188
    22    0.02050  149.36069    0.00250    0.00250    0.00502    0.00169
    23    0.02150  145.54050    0.00250    0.00250    0.00501    0.00153
    24    0.02250  141.92328    0.00250    0.00250    0.00501    0.00138
    25    0.02350  138.48947    0.00250    0.00250    0.00501    0.00125
    26    0.02450  135.22182    0.00250    0.00250    0.00501    0.00114
    27    0.02550  132.10504    0.00250    0.00250    0.00501    0.00104
    28    0.02650  129.12552    0.00250    0.00250    0.00501    0.00095
    29    0.02750  126.27110    0.00250    0.00250    0.00501    0.00086
    30    0.02850  123.53089    0.00250    0.00250    0.00501    0.00079
    31    0.02950  120.89509    0.00250    0.00250    0.00501    0.00073
    32    0.03050  118.35482    0.00250    0.00250    0.00501    0.00067
    33    0.03150  115.90210    0.00250    0.00250    0.00501    0.00061
    34    0.03250  113.52961    0.00250    0.00250    0.00501    0.00057
    35    0.03350  111.23071    0.00250    0.00250    0.00501    0.00052
    36    0.03450  108.99934    0.00250    0.00250    0.00501    0.00048
    37    0.03550  106.82996    0.00250    0.00250    0.00501    0.00044
    38    0.03650  104.71745    0.00250    0.00250    0.00501    0.00041
    39    0.03750  102.65712    0.00250    0.00250    0.00500    0.00038
    40    0.03850  100.64464    0.00250    0.00250    0.00500    0.00035
    41    0.03950   98.67606    0.00250    0.00250    0.00500    0.00032
    42    0.04050   96.74763    0.00250    0.00250    0.00500    0.00030
    43    0.04150   94.85596    0.00250    0.00250    0.00500    0.00028
    44    0.04250   92.99786    0.00250    0.00250    0.00500    0.00025
    45    0.04350   91.17042    0.00250    0.00250    0.00500    0.00024
    46    0.04450   89.37086    0.00250    0.00250    0.00500    0.00022
    47    0.04550   87.59666    0.00250    0.00250    0.00500    0.00020
    48    0.04650   85.84544    0.00250    0.00250    0.00500    0.00018
    49    0.04750   84.11503    0.00250    0.00250    0.00500    0.00017
    50    0.04850   82.40335    0.00250    0.00250    0.00500    0.00016
    51    0.04950   80.70853    0.00250    0.00250    0.00500    0.00014
    52    0.05050   79.02882    0.00250    0.00250    0.00500    0.00013
    53    0.05150   77.36259    0.00250    0.00250    0.00500    0.00012
    54    0.05250   75.70834    0.00250    0.00250    0.00500    0.00011
    55    0.05350   74.06467    0.00250    0.00250    0.00500    0.00010
    56    0.05450   72.43032    0.00250    0.00250    0.00500    0.00009
    57    0.05550   70.80410    0.00250    0.00250    0.00500    0.00009
    58    0.05650   69.18493    0.00250    0.00250    0.00500    0.00008
    59    0.05750   67.57185    0.00250    0.00250    0.00500    0.00007
    60    0.05850   65.96400    0.00250    0.00250    0.00500    0.00006
    61    0.05950   64.36057    0.00250    0.00250    0.00500    0.00006
    62    0.06050   62.76081    0.00250    0.00250    0.00500    0.00005
    63    0.06150   61.16412    0.00250    0.00250    0.00500    0.00005
    64    0.06250   59.56994    0.00250    0.00250    0.00500    0.00004
    65    0.06350   57.97775    0.00250    0.00250    0.00500    0.00004
    66    0.06450   56.38715    0.00250    0.00250    0.00500    0.00003
    67    0.06550   54.79777    0.00250    0.00250    0.00500    0.00003
    68    0.06650   53.20930    0.00250    0.00250    0.00500    0.00003
    69    0.06750   51.62146    0.00250    0.00250    0.00500    0.00002
    70    0.06850   50.03404    0.00250    0.00250    0.00500    0.00002
    71    0.06950   48.44689    0.00250    0.00250    0.00500    0.00002
    72    0.07050   46.85984    0.00250    0.00250    0.00500    0.00002
    73    0.07150   45.27279    0.00250    0.00250    0.00500    0.00001
    74    0.07250   43.68568    0.00250    0.00250    0.00500    0.00001
    75    0.07350   42.09845    0.00250    0.00250    0.00500    0.00001
    76    0.07450   40.51107    0.00250    0.00250    0.00500    0.00001
    77    0.07550   38.92350    0.00250    0.00250    0.00500    0.00001
    78    0.07650   37.33576    0.00250    0.00250    0.00500    0.00001
    79    0.07750   35.74784    0.00250    0.00250    0.00500    0.00001
    80    0.07850   34.15975    0.00250    0.00250    0.00500    0.00000
    81    0.07950   32.57150    0.00250    0.00250    0.00500    0.00000
    82    0.08050   30.98311    0.00250    0.00250    0.00500    0.00000
    83    0.08150   29.39462    0.00250    0.00250    0.00500    0.00000
    84    0.08250   27.80600    0.00250    0.00250    0.00500    0.00000
    85    0.08350   26.21731    0.00250    0.00250    0.00500    0.00000
    86    0.08450   24.62855    0.00250    0.00250    0.00500    0.00000
    87    0.08550   23.03973    0.00250    0.00250    0.00500    0.00000
    88    0.08650   21.45086    0.00250    0.00250    0.00500    0.00000
    89    0.08750   19.86196    0.00250    0.00250    0.00500    0.00000
    90    0.08850   18.27304    0.00250    0.00250    0.00500    0.00000
    91    0.08950   16.68411    0.00250    0.00250    0.00500    0.00000
    92    0.09050   15.09516    0.00250    0.00250    0.00500    0.00000
    93    0.09150   13.50620    0.00250    0.00250    0.00500    0.00000
    94    0.09250   11.91725    0.00250    0.00250    0.00500    0.00000
    95    0.09350   10.32828    0.00250    0.00250    0.00500    0.00000
    96    0.09450    8.73931    0.00250    0.00250    0.00500    0.00000
    97    0.09550    7.15034    0.00250    0.00250    0.00500    0.00000
    98    0.09650    5.56139    0.00250    0.00250    0.00500    0.00000
    99    0.09750    3.97241    0.00250    0.00250    0.00500    0.00000
   100    0.09850    2.38344    0.00250    0.00250    0.00500    0.00000
   101    0.09950    0.79449    0.00500    0.00250    0.00750    0.00000
   102    0.10000    0.00000    0.00000    0.00000    1.00000    0.00000
