 # I XP T DE ATW ATP BT
     1    0.00000  400.00000    0.00420    0.00000    1.00000  400.00000
     2    0.00059  374.71710    0.00210    0.00420    0.00659    0.07982
     3    0.00178  336.81558    0.00210    0.00210    0.00441    0.05210
     4    0.00298  307.18085    0.00210    0.00210    0.00436    0.03605
     5    0.00416  283.26544    0.00210    0.00210    0.00432    0.02606
     6    0.00536  263.48563    0.00210    0.00210    0.00430    0.01951
     7    0.00654  246.80173    0.00210    0.00210    0.00428    0.01502
     8    0.00773  232.50093    0.00210    0.00210    0.00427    0.01183
     9    0.00893  220.07713    0.00210    0.00210    0.00426    0.00950
    10    0.01011  209.16008    0.00210    0.00210    0.00425    0.00775
    11    0.01131  199.47226    0.00210    0.00210    0.00424    0.00641
    12    0.01249  190.80127    0.00210    0.00210    0.00424    0.00537
    13    0.01368  182.98145    0.00210    0.00210    0.00423    0.00454
    14    0.01488  175.88150    0.00210    0.00210    0.00423    0.00387
    15    0.01606  169.39600    0.00210    0.00210    0.00423    0.00333
    16    0.01726  163.43906    0.00210    0.00210    0.00423    0.00289
    17    0.01845  157.94008    0.00210    0.00210    0.00422    0.00252
    18    0.01963  152.84033    0.00210    0.00210    0.00422    0.00221
    19    0.02082  148.09050    0.00210    0.00210    0.00422    0.00195
    20    0.02201  143.64891    0.00210    0.00210    0.00422    0.00172
    21    0.02321  139.48000    0.00210    0.00210    0.00422    0.00153
    22    0.02440  135.55322    0.00210    0.00210    0.00422    0.00137
    23    0.02558  131.84222    0.00210    0.00210    0.00421    0.00122
    24    0.02677  128.32404    0.00210    0.00210    0.00421    0.00110
    25    0.02796  124.97855    0.00210    0.00210    0.00421    0.00099
    26    0.02915  121.78815    0.00210    0.00210    0.00421    0.00089
    27    0.03035  118.73721    0.00210    0.00210    0.00421    0.00080
    28    0.03153  115.81187    0.00210    0.00210    0.00421    0.00073
    29    0.03272  112.99980    0.00210    0.00210    0.00421    0.00066
    30    0.03391  110.28994    0.00210    0.00210    0.00421    0.00060
    31    0.03510  107.67234    0.00210    0.00210    0.00421    0.00054
    32    0.03630  105.13804    0.00210    0.00210    0.00421    0.00049
    33    0.03748  102.67894    0.00210    0.00210    0.00421    0.00045
    34    0.03867  100.28769    0.00210    0.00210    0.00421    0.00041
    35    0.03986   97.95759    0.00210    0.00210    0.00421    0.00037
    36    0.04106   95.68253    0.00210    0.00210    0.00421    0.00034
    37    0.04225   93.45697    0.00210    0.00210    0.00421    0.00031
    38    0.04343   91.27579    0.00210    0.00210    0.00421    0.00028
    39    0.04462   89.13432    0.00210    0.00210    0.00421    0.00026
    40    0.04581   87.02831    0.00210    0.00210    0.00421    0.00023
    41    0.04700   84.95383    0.00210    0.00210    0.00420    0.00021
    42    0.04820   82.90730    0.00210    0.00210    0.00420    0.00019
    43    0.04939   80.88543    0.00210    0.00210    0.00420    0.00017
    44    0.05057   78.88520    0.00210    0.00210    0.00420    0.00016
    45    0.05176   76.90387    0.00210    0.00210    0.00420    0.00014
    46    0.05295   74.93894    0.00210    0.00210    0.00420    0.00013
    47    0.05415   72.98814    0.00210    0.00210    0.00420    0.00011
    48    0.05534   71.04943    0.00210    0.00210    0.00420    0.00010
    49    0.05652   69.12096    0.00210    0.00210    0.00420    0.00009
    50    0.05771   67.20108    0.00210    0.00210    0.00420    0.00008
    51    0.05890   65.28831    0.00210    0.00210    0.00420    0.00007
    52    0.06009   63.38137    0.00210    0.00210    0.00420    0.00007
    53    0.06129   61.47910    0.00210    0.00210    0.00420    0.00006
    54    0.06247   59.58053    0.00210    0.00210    0.00420    0.00005
    55    0.06367   57.68483    0.00210    0.00210    0.00420    0.00004
    56    0.06485   55.79127    0.00210    0.00210    0.00420    0.00004
    57    0.06605   53.89925    0.00210    0.00210    0.00420    0.00003
    58    0.06723   52.00833    0.00210    0.00210    0.00420    0.00003
    59    0.06842   50.11806    0.00210    0.00210    0.00420    0.00003
    60    0.06961   48.22820    0.00210    0.00210    0.00420    0.00002
    61    0.07080   46.33847    0.00210    0.00210    0.00420    0.00002
    62    0.07200   44.44872    0.00210    0.00210    0.00420    0.00002
    63    0.07318   42.55885    0.00210    0.00210    0.00420    0.00001
    64    0.07438   40.66877    0.00210    0.00210    0.00420    0.00001
    65    0.07556   38.77848    0.00210    0.00210    0.00420    0.00001
    66    0.07676   36.88791    0.00210    0.00210    0.00420    0.00001
    67    0.07794   34.99713    0.00210    0.00210    0.00420    0.00001
    68    0.07914   33.10609    0.00210    0.00210    0.00420    0.00000
    69    0.08032   31.21489    0.00210    0.00210    0.00420    0.00000
    70    0.08151   29.32349    0.00210    0.00210    0.00420    0.00000
    71    0.08270   27.43197    0.00210    0.00210    0.00420    0.00000
    72    0.08389   25.54034    0.00210    0.00210    0.00420    0.00000
    73    0.08509   23.64860    0.00210    0.00210    0.00420    0.00000
    74    0.08627   21.75683    0.00210    0.00210    0.00420    0.00000
    75    0.08747   19.86498    0.00210    0.00210    0.00420    0.00000
    76    0.08865   17.97313    0.00210    0.00210    0.00420    0.00000
    77    0.08985   16.08124    0.00210    0.00210    0.00420    0.00000
    78    0.09103   14.18935    0.00210    0.00210    0.00420    0.00000
    79    0.09223   12.29743    0.00210    0.00210    0.00420    0.00000
    80    0.09341   10.40553    0.00210    0.00210    0.00420    0.00000
    81    0.09460    8.51361    0.00210    0.00210    0.00420    0.00000
    82    0.09580    6.62169    0.00210    0.00210    0.00420    0.00000
    83    0.09698    4.72979    0.00210    0.00210    0.00420    0.00000
    84    0.09818    2.83786    0.00210    0.00210    0.00420    0.00000
    85    0.09936    0.94596    0.00420    0.00210    0.00630    0.00000
    86    0.09996    0.00000    0.00000    0.00000    1.00000    0.00000
