# XP T
0 373.15
0.001612903 372.3090714
0.00483871 370.7194825
0.008064516 369.2507336
0.011290323 367.9003791
0.014516129 366.6661704
0.017741935 365.5460523
0.020967742 364.5381596
0.024193548 363.6408141
0.027419355 362.8525215
0.030645161 362.1719691
0.033870968 361.5980238
0.037096774 361.1297298
0.040322581 360.7663073
0.043548387 360.5071513
0.046774194 360.35183
0.05 360.300085
0.053225806 360.35183
0.056451613 360.5071513
0.059677419 360.7663073
0.062903226 361.1297298
0.066129032 361.5980238
0.069354839 362.1719691
0.072580645 362.8525215
0.075806452 363.6408141
0.079032258 364.5381596
0.082258065 365.5460523
0.085483871 366.6661704
0.088709677 367.9003791
0.091935484 369.2507336
0.09516129 370.7194825
0.098387097 372.3090714
0.1 373.15
