 # I XP T DE ATW ATP BT
     1    0.00000  373.14999    0.36389    0.00000    1.00000  373.14999
     2    0.00715  368.87027    0.18195    0.36389    0.55270    2.04507
     3    0.02144  362.97687    0.18195    0.18195    0.37075    2.04507
     4    0.03573  359.52744    0.18195    0.18195    0.37075    2.04507
     5    0.05002  358.39188    0.18195    0.18195    0.37075    2.04507
     6    0.06431  359.52740    0.18195    0.18195    0.37075    2.04507
     7    0.07859  362.97684    0.18195    0.18195    0.37075    2.04507
     8    0.09289  368.87024    0.36389    0.18195    0.55270    2.04507
     9    0.10003  373.14999    0.00000    0.00000    1.00000  373.14999
