 # I XP T DE ATW ATP BT
     1    0.00000  373.14999    0.44978    0.00000    1.00000  373.14999
     2    0.00334  371.38031    0.22489    0.44978    0.67626    0.47728
     3    0.01001  368.36227    0.22489    0.22489    0.45138    0.47728
     4    0.01667  365.84402    0.22489    0.22489    0.45138    0.47728
     5    0.02335  363.80768    0.22489    0.22489    0.45138    0.47728
     6    0.03001  362.23871    0.22489    0.22489    0.45138    0.47728
     7    0.03668  361.12595    0.22489    0.22489    0.45138    0.47728
     8    0.04336  360.46143    0.22489    0.22489    0.45138    0.47728
     9    0.05003  360.24048    0.22489    0.22489    0.45138    0.47728
    10    0.05669  360.46146    0.22489    0.22489    0.45138    0.47728
    11    0.06336  361.12601    0.22489    0.22489    0.45138    0.47728
    12    0.07003  362.23889    0.22489    0.22489    0.45138    0.47728
    13    0.07671  363.80795    0.22489    0.22489    0.45138    0.47728
    14    0.08337  365.84430    0.22489    0.22489    0.45138    0.47728
    15    0.09005  368.36246    0.22489    0.22489    0.45138    0.47728
    16    0.09672  371.38037    0.44978    0.22489    0.67626    0.47728
    17    0.10005  373.14999    0.00000    0.00000    1.00000  373.14999
