 # I XP T DE ATW ATP BT
     1    0.00000  373.14999    0.77961    0.00000    1.00000  373.14999
     2    0.00334  371.14288    0.38981    0.77961    1.17262    0.95456
     3    0.01001  367.72821    0.38981    0.38981    0.78281    0.95456
     4    0.01667  364.88507    0.38980    0.38981    0.78281    0.95456
     5    0.02335  362.59006    0.38981    0.38980    0.78281    0.95456
     6    0.03001  360.82428    0.38981    0.38981    0.78281    0.95456
     7    0.03668  359.57330    0.38980    0.38981    0.78281    0.95456
     8    0.04336  358.82681    0.38981    0.38980    0.78281    0.95456
     9    0.05003  358.57867    0.38981    0.38981    0.78281    0.95456
    10    0.05669  358.82684    0.38981    0.38981    0.78281    0.95456
    11    0.06336  359.57333    0.38981    0.38981    0.78281    0.95456
    12    0.07003  360.82434    0.38980    0.38981    0.78281    0.95456
    13    0.07671  362.59009    0.38981    0.38980    0.78281    0.95456
    14    0.08337  364.88513    0.38980    0.38981    0.78281    0.95456
    15    0.09005  367.72830    0.38981    0.38980    0.78281    0.95456
    16    0.09672  371.14294    0.77961    0.38981    1.17262    0.95456
    17    0.10005  373.14999    0.00000    0.00000    1.00000  373.14999
