 # I XP T DE ATW ATP BT
     1    0.00000  373.14999    0.20994    0.00000    1.00000  373.14999
     2    0.00715  369.37442    0.10497    0.20994    0.31834    1.02254
     3    0.02144  364.15024    0.10497    0.10497    0.21337    1.02254
     4    0.03573  361.08249    0.10497    0.10497    0.21337    1.02254
     5    0.05002  360.07092    0.10497    0.10497    0.21337    1.02254
     6    0.06431  361.08252    0.10497    0.10497    0.21337    1.02254
     7    0.07859  364.15027    0.10497    0.10497    0.21337    1.02253
     8    0.09289  369.37442    0.20994    0.10497    0.31833    1.02254
     9    0.10003  373.14999    0.00000    0.00000    1.00000  373.14999
