 # I XP T DE ATW ATP BT
     1    0.00000  400.00000    1.20000    0.00000    1.00000  400.00000
     2    0.03125  373.69400    0.60000    1.20000    1.80000   -6.91079
     3    0.09375  332.59998    0.60000    0.60000    1.20000   -4.33663
     4    0.15625  298.73361    0.60000    0.60000    1.20000   -2.82228
     5    0.21875  269.57104    0.60000    0.60000    1.20000   -1.87135
     6    0.28125  243.52736    0.60000    0.60000    1.20000   -1.24639
     7    0.34375  219.56100    0.60000    0.60000    1.20000   -0.82354
     8    0.40625  196.96722    0.60000    0.60000    1.20000   -0.53338
     9    0.46875  175.26242    0.60000    0.60000    1.20000   -0.33436
    10    0.53125  154.11488    0.60000    0.60000    1.20000   -0.19991
    11    0.59375  133.30054    0.60000    0.60000    1.20000   -0.11189
    12    0.65625  112.67267    0.60000    0.60000    1.20000   -0.05711
    13    0.71875   92.14000    0.60000    0.60000    1.20000   -0.02554
    14    0.78125   71.64990    0.60000    0.60000    1.20000   -0.00934
    15    0.84375   51.17538    0.60000    0.60000    1.20000   -0.00243
    16    0.90625   30.70491    0.60000    0.60000    1.20000   -0.00031
    17    0.96875   10.23497    1.20000    0.60000    1.80000   -0.00000
    18    1.00000    0.00000    0.00000    0.00000    1.00000    0.00000
