 # I XP T DE ATW ATP BT
     1    0.00000  400.00000    0.60000    0.00000    1.00000  400.00000
     2    0.06250  363.16428    0.30000    0.60000    1.03579   40.93056
     3    0.18750  317.43576    0.30000    0.30000    0.69068   25.53472
     4    0.31250  282.54379    0.30000    0.30000    0.66395   17.49603
     5    0.43750  249.55650    0.30000    0.30000    0.64406   12.19235
     6    0.56250  212.58089    0.30000    0.30000    0.62723    8.28768
     7    0.68750  167.27843    0.30000    0.30000    0.61327    5.61031
     8    0.81250  110.67425    0.30000    0.30000    0.60384    4.26447
     9    0.93750   41.27298    0.60000    0.30000    0.90020    3.95163
    10    1.00000    0.00000    0.00000    0.00000    1.00000    0.00000
