 # I XP T DE ATW ATP BT
     1    0.00000  400.00000    1.20000    0.00000    1.00000  400.00000
     2    0.03125  380.89532    0.60000    1.20000    1.87833   24.34999
     3    0.09375  351.82990    0.60000    0.60000    1.26173   18.26251
     4    0.15625  328.52646    0.60000    0.60000    1.25026   14.35687
     5    0.21875  308.81528    0.60000    0.60000    1.24175   11.64168
     6    0.28125  291.18784    0.60000    0.60000    1.23500    9.61596
     7    0.34375  274.51877    0.60000    0.60000    1.22933    8.01044
     8    0.40625  257.91611    0.60000    0.60000    1.22432    6.67706
     9    0.46875  240.63908    0.60000    0.60000    1.21975    5.53763
    10    0.53125  222.05463    0.60000    0.60000    1.21552    4.55750
    11    0.59375  201.61829    0.60000    0.60000    1.21162    3.72945
    12    0.65625  178.87001    0.60000    0.60000    1.20811    3.06099
    13    0.71875  153.43845    0.60000    0.60000    1.20512    2.56201
    14    0.78125  125.04636    0.60000    0.60000    1.20277    2.23267
    15    0.84375   93.51083    0.60000    0.60000    1.20116    2.05402
    16    0.90625   58.73257    0.60000    0.60000    1.20029    1.98538
    17    0.96875   20.67345    1.20000    0.60000    1.80001    1.97293
    18    1.00000    0.00000    0.00000    0.00000    1.00000    0.00000
