 # I XP T DE ATW ATP BT
     1    0.00000  400.00000    0.60000    0.00000    1.00000  400.00000
     2    0.06250  349.09769    0.30000    0.60000    0.93015    0.00000
     3    0.18750  282.38116    0.30000    0.30000    0.61596    0.00000
     4    0.31250  230.68610    0.30000    0.30000    0.60870    0.00000
     5    0.43750  185.68150    0.30000    0.30000    0.60454    0.00000
     6    0.56250  143.48520    0.30000    0.30000    0.60209    0.00000
     7    0.68750  102.29027    0.30000    0.30000    0.60076    0.00000
     8    0.81250   61.35399    0.30000    0.30000    0.60016    0.00000
     9    0.93750   20.45119    0.60000    0.30000    0.90001    0.00000
    10    1.00000    0.00000    0.00000    0.00000    1.00000    0.00000
