 # I XP T DE ATW ATP BT
     1    0.00000  400.00000    2.40000    0.00000    1.00000  400.00000
     2    0.01562  386.72348    1.20000    2.40000    3.61025    0.00000
     3    0.04688  363.47302    1.20000    1.20000    2.40851    0.00000
     4    0.07812  342.79974    1.20000    1.20000    2.40714    0.00000
     5    0.10938  324.16541    1.20000    1.20000    2.40604    0.00000
     6    0.14062  307.16159    1.20000    1.20000    2.40513    0.00000
     7    0.17188  291.47214    1.20000    1.20000    2.40439    0.00000
     8    0.20312  276.84842    1.20000    1.20000    2.40376    0.00000
     9    0.23438  263.09213    1.20000    1.20000    2.40323    0.00000
    10    0.26562  250.04329    1.20000    1.20000    2.40277    0.00000
    11    0.29688  237.57164    1.20000    1.20000    2.40238    0.00000
    12    0.32812  225.57033    1.20000    1.20000    2.40203    0.00000
    13    0.35938  213.95132    1.20000    1.20000    2.40174    0.00000
    14    0.39062  202.64171    1.20000    1.20000    2.40147    0.00000
    15    0.42188  191.58110    1.20000    1.20000    2.40125    0.00000
    16    0.45312  180.71939    1.20000    1.20000    2.40105    0.00000
    17    0.48438  170.01518    1.20000    1.20000    2.40087    0.00000
    18    0.51562  159.43436    1.20000    1.20000    2.40072    0.00000
    19    0.54688  148.94894    1.20000    1.20000    2.40059    0.00000
    20    0.57812  138.53622    1.20000    1.20000    2.40047    0.00000
    21    0.60938  128.17790    1.20000    1.20000    2.40037    0.00000
    22    0.64062  117.85944    1.20000    1.20000    2.40029    0.00000
    23    0.67188  107.56948    1.20000    1.20000    2.40022    0.00000
    24    0.70312   97.29929    1.20000    1.20000    2.40016    0.00000
    25    0.73438   87.04234    1.20000    1.20000    2.40012    0.00000
    26    0.76562   76.79387    1.20000    1.20000    2.40008    0.00000
    27    0.79688   66.55054    1.20000    1.20000    2.40005    0.00000
    28    0.82812   56.31012    1.20000    1.20000    2.40003    0.00000
    29    0.85938   46.07118    1.20000    1.20000    2.40002    0.00000
    30    0.89062   35.83292    1.20000    1.20000    2.40001    0.00000
    31    0.92188   25.59489    1.20000    1.20000    2.40000    0.00000
    32    0.95312   15.35693    1.20000    1.20000    2.40000    0.00000
    33    0.98438    5.11898    2.40000    1.20000    3.60000    0.00000
    34    1.00000    0.00000    0.00000    0.00000    1.00000    0.00000
