 # I XP T DE ATW ATP BT
     1    0.00000  400.00000    1.20000    0.00000    1.00000  400.00000
     2    0.03125  373.69394    0.60000    1.20000    1.87397   20.73235
     3    0.09375  332.59985    0.60000    0.60000    1.25215   13.00986
     4    0.15625  298.73346    0.60000    0.60000    1.23779    8.46681
     5    0.21875  269.57086    0.60000    0.60000    1.22777    5.61405
     6    0.28125  243.52716    0.60000    0.60000    1.22047    3.73916
     7    0.34375  219.56079    0.60000    0.60000    1.21500    2.47061
     8    0.40625  196.96700    0.60000    0.60000    1.21083    1.60014
     9    0.46875  175.26219    0.60000    0.60000    1.20763    1.00308
    10    0.53125  154.11469    0.60000    0.60000    1.20519    0.59974
    11    0.59375  133.30038    0.60000    0.60000    1.20336    0.33567
    12    0.65625  112.67255    0.60000    0.60000    1.20203    0.17134
    13    0.71875   92.13992    0.60000    0.60000    1.20111    0.07663
    14    0.78125   71.64985    0.60000    0.60000    1.20052    0.02802
    15    0.84375   51.17535    0.60000    0.60000    1.20019    0.00729
    16    0.90625   30.70489    0.60000    0.60000    1.20004    0.00094
    17    0.96875   10.23496    1.20000    0.60000    1.80000    0.00001
    18    1.00000    0.00000    0.00000    0.00000    1.00000    0.00000
