 # I XP T DE ATW ATP BT
     1    0.00000  400.00000    0.00639    0.00000    1.00000  400.00000
     2    0.00157  354.40988    0.00319    0.00639    0.01085    0.33599
     3    0.00470  298.28491    0.00319    0.00319    0.00714    0.16859
     4    0.00783  259.74954    0.00319    0.00319    0.00689    0.09695
     5    0.01096  231.32877    0.00319    0.00319    0.00674    0.06099
     6    0.01409  209.27072    0.00319    0.00319    0.00665    0.04085
     7    0.01722  191.47403    0.00319    0.00319    0.00659    0.02863
     8    0.02035  176.66362    0.00319    0.00319    0.00655    0.02074
     9    0.02348  164.01707    0.00319    0.00319    0.00652    0.01541
    10    0.02661  152.97789    0.00319    0.00319    0.00649    0.01166
    11    0.02974  143.15472    0.00319    0.00319    0.00647    0.00894
    12    0.03287  134.26358    0.00319    0.00319    0.00646    0.00692
    13    0.03599  126.09310    0.00319    0.00319    0.00645    0.00538
    14    0.03913  118.48264    0.00319    0.00319    0.00644    0.00420
    15    0.04225  111.30815    0.00319    0.00319    0.00643    0.00327
    16    0.04539  104.47259    0.00319    0.00319    0.00642    0.00254
    17    0.04851   97.89948    0.00319    0.00319    0.00642    0.00196
    18    0.05165   91.52814    0.00319    0.00319    0.00641    0.00149
    19    0.05477   85.31052    0.00319    0.00319    0.00641    0.00113
    20    0.05791   79.20847    0.00319    0.00319    0.00640    0.00084
    21    0.06103   73.19202    0.00319    0.00319    0.00640    0.00061
    22    0.06417   67.23774    0.00319    0.00319    0.00640    0.00044
    23    0.06729   61.32760    0.00319    0.00319    0.00640    0.00030
    24    0.07043   55.44790    0.00319    0.00319    0.00639    0.00020
    25    0.07356   49.58852    0.00319    0.00319    0.00639    0.00013
    26    0.07669   43.74209    0.00319    0.00319    0.00639    0.00008
    27    0.07982   37.90351    0.00319    0.00319    0.00639    0.00004
    28    0.08295   32.06934    0.00319    0.00319    0.00639    0.00002
    29    0.08608   26.23744    0.00319    0.00319    0.00639    0.00001
    30    0.08921   20.40654    0.00319    0.00319    0.00639    0.00000
    31    0.09234   14.57603    0.00319    0.00319    0.00639    0.00000
    32    0.09547    8.74561    0.00319    0.00319    0.00639    0.00000
    33    0.09860    2.91521    0.00639    0.00319    0.00958    0.00000
    34    0.10016    0.00000    0.00000    0.00000    1.00000    0.00000
