 # I XP T DE ATW ATP BT
     1    0.00000  400.00000    0.00320    0.00000    1.00000  400.00000
     2    0.00313  317.65021    0.00160    0.00320    0.00662    0.43295
     3    0.00938  243.14922    0.00160    0.00160    0.00402    0.14864
     4    0.01562  199.61467    0.00160    0.00160    0.00365    0.06752
     5    0.02188  170.14531    0.00160    0.00160    0.00348    0.03564
     6    0.02812  148.09863    0.00160    0.00160    0.00338    0.02046
     7    0.03438  130.31003    0.00160    0.00160    0.00333    0.01226
     8    0.04062  115.06992    0.00160    0.00160    0.00329    0.00746
     9    0.04688  101.37500    0.00160    0.00160    0.00326    0.00449
    10    0.05313   88.60663    0.00160    0.00160    0.00324    0.00262
    11    0.05938   76.37560    0.00160    0.00160    0.00323    0.00145
    12    0.06562   64.43909    0.00160    0.00160    0.00322    0.00073
    13    0.07188   52.65080    0.00160    0.00160    0.00321    0.00033
    14    0.07812   40.92828    0.00160    0.00160    0.00320    0.00012
    15    0.08438   29.22969    0.00160    0.00160    0.00320    0.00003
    16    0.09063   17.53732    0.00160    0.00160    0.00320    0.00000
    17    0.09687    5.84578    0.00320    0.00160    0.00480    0.00000
    18    0.10000    0.00000    0.00000    0.00000    1.00000    0.00000
