 # I XP T DE ATW ATP BT
     1    0.00000  400.00000    0.02000    0.00000    1.00000  400.00000
     2    0.00050  384.81381    0.01000    0.02000    0.03052    0.14920
     3    0.00150  359.41470    0.01000    0.01000    0.02042    0.11354
     4    0.00250  337.80026    0.01000    0.01000    0.02035    0.08859
     5    0.00350  319.13898    0.01000    0.01000    0.02029    0.07058
     6    0.00450  302.83035    0.01000    0.01000    0.02025    0.05722
     7    0.00550  288.42908    0.01000    0.01000    0.02022    0.04709
     8    0.00650  275.59738    0.01000    0.01000    0.02019    0.03925
     9    0.00750  264.07410    0.01000    0.01000    0.02017    0.03309
    10    0.00850  253.65378    0.01000    0.01000    0.02015    0.02817
    11    0.00950  244.17232    0.01000    0.01000    0.02013    0.02419
    12    0.01050  235.49702    0.01000    0.01000    0.02012    0.02093
    13    0.01150  227.51929    0.01000    0.01000    0.02011    0.01823
    14    0.01250  220.14929    0.01000    0.01000    0.02010    0.01598
    15    0.01350  213.31201    0.01000    0.01000    0.02009    0.01409
    16    0.01450  206.94427    0.01000    0.01000    0.02008    0.01248
    17    0.01550  200.99246    0.01000    0.01000    0.02007    0.01110
    18    0.01650  195.41077    0.01000    0.01000    0.02007    0.00992
    19    0.01750  190.15974    0.01000    0.01000    0.02006    0.00890
    20    0.01850  185.20526    0.01000    0.01000    0.02006    0.00801
    21    0.01950  180.51758    0.01000    0.01000    0.02005    0.00723
    22    0.02050  176.07072    0.01000    0.01000    0.02005    0.00654
    23    0.02150  171.84177    0.01000    0.01000    0.02005    0.00593
    24    0.02250  167.81055    0.01000    0.01000    0.02004    0.00540
    25    0.02350  163.95912    0.01000    0.01000    0.02004    0.00492
    26    0.02450  160.27153    0.01000    0.01000    0.02004    0.00449
    27    0.02550  156.73352    0.01000    0.01000    0.02003    0.00411
    28    0.02650  153.33228    0.01000    0.01000    0.02003    0.00376
    29    0.02750  150.05630    0.01000    0.01000    0.02003    0.00345
    30    0.02850  146.89522    0.01000    0.01000    0.02003    0.00317
    31    0.02950  143.83965    0.01000    0.01000    0.02003    0.00291
    32    0.03050  140.88103    0.01000    0.01000    0.02003    0.00268
    33    0.03150  138.01166    0.01000    0.01000    0.02002    0.00247
    34    0.03250  135.22443    0.01000    0.01000    0.02002    0.00228
    35    0.03350  132.51288    0.01000    0.01000    0.02002    0.00210
    36    0.03450  129.87111    0.01000    0.01000    0.02002    0.00194
    37    0.03550  127.29374    0.01000    0.01000    0.02002    0.00179
    38    0.03650  124.77574    0.01000    0.01000    0.02002    0.00165
    39    0.03750  122.31253    0.01000    0.01000    0.02002    0.00152
    40    0.03850  119.89990    0.01000    0.01000    0.02002    0.00141
    41    0.03950  117.53398    0.01000    0.01000    0.02001    0.00130
    42    0.04050  115.21114    0.01000    0.01000    0.02001    0.00120
    43    0.04150  112.92804    0.01000    0.01000    0.02001    0.00111
    44    0.04250  110.68160    0.01000    0.01000    0.02001    0.00102
    45    0.04350  108.46902    0.01000    0.01000    0.02001    0.00094
    46    0.04450  106.28760    0.01000    0.01000    0.02001    0.00087
    47    0.04550  104.13490    0.01000    0.01000    0.02001    0.00080
    48    0.04650  102.00867    0.01000    0.01000    0.02001    0.00074
    49    0.04750   99.90678    0.01000    0.01000    0.02001    0.00068
    50    0.04850   97.82726    0.01000    0.01000    0.02001    0.00062
    51    0.04950   95.76829    0.01000    0.01000    0.02001    0.00057
    52    0.05050   93.72816    0.01000    0.01000    0.02001    0.00053
    53    0.05150   91.70530    0.01000    0.01000    0.02001    0.00048
    54    0.05250   89.69825    0.01000    0.01000    0.02001    0.00044
    55    0.05350   87.70567    0.01000    0.01000    0.02001    0.00040
    56    0.05450   85.72629    0.01000    0.01000    0.02001    0.00037
    57    0.05550   83.75895    0.01000    0.01000    0.02001    0.00033
    58    0.05650   81.80256    0.01000    0.01000    0.02000    0.00030
    59    0.05750   79.85613    0.01000    0.01000    0.02000    0.00028
    60    0.05850   77.91874    0.01000    0.01000    0.02000    0.00025
    61    0.05950   75.98952    0.01000    0.01000    0.02000    0.00023
    62    0.06050   74.06769    0.01000    0.01000    0.02000    0.00020
    63    0.06150   72.15251    0.01000    0.01000    0.02000    0.00018
    64    0.06250   70.24335    0.01000    0.01000    0.02000    0.00017
    65    0.06350   68.33956    0.01000    0.01000    0.02000    0.00015
    66    0.06450   66.44058    0.01000    0.01000    0.02000    0.00013
    67    0.06550   64.54590    0.01000    0.01000    0.02000    0.00012
    68    0.06650   62.65505    0.01000    0.01000    0.02000    0.00010
    69    0.06750   60.76758    0.01000    0.01000    0.02000    0.00009
    70    0.06850   58.88311    0.01000    0.01000    0.02000    0.00008
    71    0.06950   57.00129    0.01000    0.01000    0.02000    0.00007
    72    0.07050   55.12177    0.01000    0.01000    0.02000    0.00006
    73    0.07150   53.24428    0.01000    0.01000    0.02000    0.00005
    74    0.07250   51.36855    0.01000    0.01000    0.02000    0.00005
    75    0.07350   49.49435    0.01000    0.01000    0.02000    0.00004
    76    0.07450   47.62148    0.01000    0.01000    0.02000    0.00003
    77    0.07550   45.74971    0.01000    0.01000    0.02000    0.00003
    78    0.07650   43.87892    0.01000    0.01000    0.02000    0.00003
    79    0.07750   42.00894    0.01000    0.01000    0.02000    0.00002
    80    0.07850   40.13963    0.01000    0.01000    0.02000    0.00002
    81    0.07950   38.27089    0.01000    0.01000    0.02000    0.00001
    82    0.08050   36.40262    0.01000    0.01000    0.02000    0.00001
    83    0.08150   34.53476    0.01000    0.01000    0.02000    0.00001
    84    0.08250   32.66719    0.01000    0.01000    0.02000    0.00001
    85    0.08350   30.79987    0.01000    0.01000    0.02000    0.00001
    86    0.08450   28.93276    0.01000    0.01000    0.02000    0.00000
    87    0.08550   27.06580    0.01000    0.01000    0.02000    0.00000
    88    0.08650   25.19895    0.01000    0.01000    0.02000    0.00000
    89    0.08750   23.33219    0.01000    0.01000    0.02000    0.00000
    90    0.08850   21.46550    0.01000    0.01000    0.02000    0.00000
    91    0.08950   19.59887    0.01000    0.01000    0.02000    0.00000
    92    0.09050   17.73227    0.01000    0.01000    0.02000    0.00000
    93    0.09150   15.86568    0.01000    0.01000    0.02000    0.00000
    94    0.09250   13.99912    0.01000    0.01000    0.02000    0.00000
    95    0.09350   12.13256    0.01000    0.01000    0.02000    0.00000
    96    0.09450   10.26600    0.01000    0.01000    0.02000    0.00000
    97    0.09550    8.39945    0.01000    0.01000    0.02000    0.00000
    98    0.09650    6.53291    0.01000    0.01000    0.02000    0.00000
    99    0.09750    4.66636    0.01000    0.01000    0.02000    0.00000
   100    0.09850    2.79981    0.01000    0.01000    0.02000    0.00000
   101    0.09950    0.93328    0.02000    0.01000    0.03000    0.00000
   102    0.10000    0.00000    0.00000    0.00000    1.00000    0.00000
