 # I XP T DE ATW ATP BT
     1    0.00000  400.00000    0.00160    0.00000    1.00000  400.00000
     2    0.00625  267.39340    0.00080    0.00160    0.00457    0.43479
     3    0.01875  183.34167    0.00080    0.00080    0.00230    0.09610
     4    0.03125  139.33124    0.00080    0.00080    0.00191    0.03205
     5    0.04375  108.67617    0.00080    0.00080    0.00175    0.01186
     6    0.05625   82.96420    0.00080    0.00080    0.00166    0.00403
     7    0.06875   58.93110    0.00080    0.00080    0.00162    0.00103
     8    0.08125   35.32543    0.00080    0.00080    0.00160    0.00013
     9    0.09375   11.77491    0.00160    0.00080    0.00240    0.00000
    10    0.10000    0.00000    0.00000    0.00000    1.00000    0.00000
