 # I XP T DE ATW ATP BT
     1    0.00000  400.00000    0.01282    0.00000    1.00000  400.00000
     2    0.00078  376.48447    0.00641    0.01282    0.01999    0.21324
     3    0.00234  340.54199    0.00641    0.00641    0.01338    0.14275
     4    0.00390  312.02252    0.00641    0.00641    0.01325    0.10061
     5    0.00546  288.73465    0.00641    0.00641    0.01316    0.07377
     6    0.00702  269.28284    0.00641    0.00641    0.01310    0.05581
     7    0.00858  252.73322    0.00641    0.00641    0.01305    0.04331
     8    0.01014  238.43546    0.00641    0.00641    0.01301    0.03431
     9    0.01170  225.92155    0.00641    0.00641    0.01298    0.02765
    10    0.01326  214.84549    0.00641    0.00641    0.01296    0.02261
    11    0.01482  204.94533    0.00641    0.00641    0.01294    0.01873
    12    0.01638  196.01886    0.00641    0.00641    0.01293    0.01567
    13    0.01794  187.90721    0.00641    0.00641    0.01291    0.01323
    14    0.01950  180.48358    0.00641    0.00641    0.01290    0.01126
    15    0.02106  173.64551    0.00641    0.00641    0.01289    0.00965
    16    0.02262  167.30913    0.00641    0.00641    0.01289    0.00832
    17    0.02418  161.40511    0.00641    0.00641    0.01288    0.00720
    18    0.02574  155.87549    0.00641    0.00641    0.01287    0.00627
    19    0.02730  150.67152    0.00641    0.00641    0.01287    0.00547
    20    0.02886  145.75179    0.00641    0.00641    0.01286    0.00479
    21    0.03042  141.08087    0.00641    0.00641    0.01286    0.00420
    22    0.03198  136.62834    0.00641    0.00641    0.01286    0.00370
    23    0.03354  132.36781    0.00641    0.00641    0.01285    0.00326
    24    0.03510  128.27640    0.00641    0.00641    0.01285    0.00287
    25    0.03666  124.33402    0.00641    0.00641    0.01285    0.00254
    26    0.03822  120.52313    0.00641    0.00641    0.01285    0.00224
    27    0.03978  116.82826    0.00641    0.00641    0.01284    0.00198
    28    0.04134  113.23572    0.00641    0.00641    0.01284    0.00175
    29    0.04290  109.73342    0.00641    0.00641    0.01284    0.00154
    30    0.04446  106.31063    0.00641    0.00641    0.01284    0.00136
    31    0.04602  102.95779    0.00641    0.00641    0.01284    0.00119
    32    0.04758   99.66640    0.00641    0.00641    0.01283    0.00105
    33    0.04914   96.42894    0.00641    0.00641    0.01283    0.00092
    34    0.05070   93.23862    0.00641    0.00641    0.01283    0.00080
    35    0.05226   90.08946    0.00641    0.00641    0.01283    0.00070
    36    0.05382   86.97614    0.00641    0.00641    0.01283    0.00061
    37    0.05538   83.89388    0.00641    0.00641    0.01283    0.00053
    38    0.05694   80.83845    0.00641    0.00641    0.01283    0.00045
    39    0.05850   77.80612    0.00641    0.00641    0.01283    0.00039
    40    0.06006   74.79358    0.00641    0.00641    0.01283    0.00033
    41    0.06162   71.79792    0.00641    0.00641    0.01283    0.00028
    42    0.06318   68.81656    0.00641    0.00641    0.01283    0.00024
    43    0.06474   65.84725    0.00641    0.00641    0.01282    0.00020
    44    0.06630   62.88803    0.00641    0.00641    0.01282    0.00017
    45    0.06786   59.93721    0.00641    0.00641    0.01282    0.00014
    46    0.06942   56.99328    0.00641    0.00641    0.01282    0.00011
    47    0.07098   54.05500    0.00641    0.00641    0.01282    0.00009
    48    0.07254   51.12127    0.00641    0.00641    0.01282    0.00007
    49    0.07410   48.19117    0.00641    0.00641    0.01282    0.00006
    50    0.07566   45.26395    0.00641    0.00641    0.01282    0.00004
    51    0.07722   42.33899    0.00641    0.00641    0.01282    0.00003
    52    0.07878   39.41574    0.00641    0.00641    0.01282    0.00003
    53    0.08034   36.49376    0.00641    0.00641    0.01282    0.00002
    54    0.08190   33.57272    0.00641    0.00641    0.01282    0.00001
    55    0.08346   30.65236    0.00641    0.00641    0.01282    0.00001
    56    0.08502   27.73249    0.00641    0.00641    0.01282    0.00001
    57    0.08658   24.81292    0.00641    0.00641    0.01282    0.00000
    58    0.08814   21.89357    0.00641    0.00641    0.01282    0.00000
    59    0.08970   18.97432    0.00641    0.00641    0.01282    0.00000
    60    0.09126   16.05514    0.00641    0.00641    0.01282    0.00000
    61    0.09282   13.13600    0.00641    0.00641    0.01282    0.00000
    62    0.09438   10.21689    0.00641    0.00641    0.01282    0.00000
    63    0.09594    7.29778    0.00641    0.00641    0.01282    0.00000
    64    0.09750    4.37867    0.00641    0.00641    0.01282    0.00000
    65    0.09906    1.45956    0.01282    0.00641    0.01923    0.00000
    66    0.09984    0.00000    0.00000    0.00000    1.00000    0.00000
