 # I XP T DE ATW ATP BT
     1       0.0000       0.0000       0.0001       0.0000       1.0000       0.0000
     2       0.0167       0.0000       0.0001       0.0002       0.0003       0.0000
     3       0.0500       0.0000       0.0001       0.0002       0.0002       0.0000
     4       0.0833       0.0000       0.0001       0.0002       0.0002       0.0000
     5       0.1167       0.0000       0.0001       0.0002       0.0002       0.0000
     6       0.1500       0.0000       0.0001       0.0002       0.0002       0.0000
     7       0.1833       0.0000       0.0001       0.0002       0.0002       0.0000
     8       0.2166       0.0000       0.0001       0.0002       0.0002       0.0000
     9       0.2500       0.0000       0.0001       0.0002       0.0002       0.0000
    10       0.2833       0.0000       0.0001       0.0002       0.0002       0.0000
    11       0.3166       0.0000       0.0001       0.0002       0.0002       0.0000
    12       0.3500       0.0000       0.0001       0.0002       0.0002       0.0000
    13       0.3833       0.0000       0.0001       0.0002       0.0002       0.0000
    14       0.4166       0.0000       0.0001       0.0002       0.0002       0.0000
    15       0.4500       0.0000       0.0001       0.0002       0.0002       0.0000
    16       0.4833       0.0000       0.0001       0.0002       0.0002       0.0000
    17       0.5166       0.0000       0.0001       0.0002       0.0002       0.0000
    18       0.5499       0.0000       0.0001       0.0002       0.0002       0.0000
    19       0.5833       0.0000       0.0001       0.0002       0.0002       0.0000
    20       0.6166       0.0000       0.0001       0.0002       0.0002       0.0000
    21       0.6499       0.0000       0.0001       0.0002       0.0002       0.0000
    22       0.6833       0.0000       0.0001       0.0002       0.0002       0.0000
    23       0.7166       0.0001       0.0001       0.0002       0.0002       0.0000
    24       0.7499       0.0002       0.0001       0.0002       0.0002       0.0000
    25       0.7833       0.0005       0.0001       0.0002       0.0002       0.0000
    26       0.8166       0.0012       0.0001       0.0002       0.0002       0.0000
    27       0.8499       0.0033       0.0001       0.0002       0.0002       0.0000
    28       0.8832       0.0088       0.0001       0.0002       0.0002       0.0000
    29       0.9166       0.0235       0.0001       0.0002       0.0002       0.0000
    30       0.9499       0.0625       0.0001       0.0002       0.0002       0.0000
    31       0.9832       0.1667       0.0001       0.0002       0.0002       0.0000
    32       0.9999       1.0000          NaN       0.0000       1.0000       1.0000
