 # I XP T DE ATW ATP BT
     1       0.0000       0.0000       0.0001       0.0000       1.0000       0.0000
     2       0.0208      -0.0000       0.0000       0.0002       0.0002       0.0000
     3       0.0625      -0.0000       0.0000       0.0001       0.0002       0.0000
     4       0.1042      -0.0000       0.0000       0.0001       0.0002       0.0000
     5       0.1458      -0.0000       0.0000       0.0001       0.0002       0.0000
     6       0.1875      -0.0000       0.0000       0.0001       0.0002       0.0000
     7       0.2292      -0.0000       0.0000       0.0001       0.0002       0.0000
     8       0.2709      -0.0000       0.0000       0.0001       0.0002       0.0000
     9       0.3125      -0.0000       0.0000       0.0001       0.0002       0.0000
    10       0.3542      -0.0000       0.0000       0.0001       0.0002       0.0000
    11       0.3959      -0.0000       0.0000       0.0001       0.0002       0.0000
    12       0.4375      -0.0000       0.0000       0.0001       0.0002       0.0000
    13       0.4792      -0.0000       0.0000       0.0001       0.0002       0.0000
    14       0.5209      -0.0000       0.0000       0.0001       0.0002       0.0000
    15       0.5625      -0.0000       0.0000       0.0001       0.0002       0.0000
    16       0.6042      -0.0000       0.0000       0.0001       0.0002       0.0000
    17       0.6459      -0.0000       0.0000       0.0001       0.0002       0.0000
    18       0.6876      -0.0000       0.0000       0.0001       0.0002       0.0000
    19       0.7292      -0.0000       0.0000       0.0001       0.0002       0.0000
    20       0.7709      -0.0001       0.0000       0.0001       0.0002       0.0000
    21       0.8126      -0.0005       0.0000       0.0001       0.0002       0.0000
    22       0.8542      -0.0014       0.0000       0.0001       0.0002       0.0000
    23       0.8959      -0.0044       0.0000       0.0001       0.0002       0.0000
    24       0.9376      -0.0135       0.0000       0.0001       0.0002       0.0000
    25       0.9792      -0.0418       0.0001       0.0001       0.0001       0.0000
    26       1.0001       1.0000       0.0000       0.0000       1.0000       1.0000
