 # I XP T DE ATW ATP BT
     1       0.0000       0.0000       0.0001       0.0000       1.0000       0.0000
     2       0.0200       0.0000       0.0001       0.0002       0.0003       0.0000
     3       0.0600       0.0000       0.0001       0.0002       0.0002       0.0000
     4       0.1000       0.0000       0.0000       0.0002       0.0002       0.0000
     5       0.1400       0.0000       0.0001       0.0001       0.0002       0.0000
     6       0.1800       0.0000       0.0000       0.0002       0.0002       0.0000
     7       0.2200       0.0000       0.0001       0.0001       0.0002       0.0000
     8       0.2600       0.0000       0.0000       0.0002       0.0002       0.0000
     9       0.3000       0.0000       0.0001       0.0001       0.0002       0.0000
    10       0.3400       0.0000       0.0000       0.0002       0.0002       0.0000
    11       0.3800       0.0000       0.0001       0.0001       0.0002       0.0000
    12       0.4200       0.0000       0.0001       0.0002       0.0002       0.0000
    13       0.4600       0.0000       0.0000       0.0002       0.0002       0.0000
    14       0.5000       0.0000       0.0001       0.0001       0.0002       0.0000
    15       0.5400       0.0000       0.0000       0.0002       0.0002       0.0000
    16       0.5800       0.0000       0.0000       0.0001       0.0002       0.0000
    17       0.6200       0.0000       0.0001       0.0001       0.0002       0.0000
    18       0.6600       0.0000       0.0000       0.0002       0.0002       0.0000
    19       0.7000       0.0000       0.0000       0.0001       0.0002       0.0000
    20       0.7400       0.0000       0.0001       0.0001       0.0002       0.0000
    21       0.7800       0.0000       0.0001       0.0002       0.0002       0.0000
    22       0.8200       0.0000       0.0000       0.0002       0.0002       0.0000
    23       0.8600       0.0000       0.0001       0.0001       0.0002       0.0000
    24       0.9000       0.0000       0.0001       0.0002       0.0002       0.0000
    25       0.9400       0.0000       0.0000       0.0002       0.0002       0.0000
    26       0.9800       0.0000       0.0001       0.0001       0.0001       0.0000
    27       1.0000       1.0000      -0.0000       0.0000       1.0000       1.0000
