 # I XP T DE ATW ATP BT
     1       0.0000       0.0000       0.0000       0.0000       1.0000       0.0000
     2       0.0556       0.0000       0.0000       0.0001       0.0002      -0.0000
     3       0.1667       0.0000       0.0000       0.0001       0.0001      -0.0000
     4       0.2778       0.0002       0.0000       0.0001       0.0001      -0.0000
     5       0.3889       0.0012       0.0000       0.0001       0.0001      -0.0000
     6       0.5000       0.0062       0.0000       0.0001       0.0001      -0.0000
     7       0.6111       0.0288       0.0000       0.0001       0.0001      -0.0000
     8       0.7222       0.1121       0.0000       0.0001       0.0001      -0.0000
     9       0.8333       0.2319       0.0000       0.0001       0.0001       0.0001
    10       0.9444      -1.7778       0.0000       0.0001       0.0001      -0.0001
    11       1.0000       1.0000       0.0000       0.0000       1.0000       1.0000
