 # I XP T DE ATW ATP BT
     1       0.0000       0.0000       0.0001       0.0000       1.0000       0.0000
     2       0.0250      -0.0000       0.0000       0.0002       0.0002       0.0000
     3       0.0750      -0.0000       0.0000       0.0001       0.0002       0.0000
     4       0.1250      -0.0000       0.0000       0.0001       0.0002       0.0000
     5       0.1750      -0.0000       0.0000       0.0001       0.0002       0.0000
     6       0.2250      -0.0000       0.0000       0.0001       0.0002       0.0000
     7       0.2750      -0.0000       0.0000       0.0001       0.0002       0.0000
     8       0.3250      -0.0000       0.0000       0.0001       0.0002       0.0000
     9       0.3750      -0.0000       0.0000       0.0001       0.0002       0.0000
    10       0.4250      -0.0000       0.0000       0.0001       0.0002       0.0000
    11       0.4750      -0.0000       0.0000       0.0001       0.0002       0.0000
    12       0.5250      -0.0000       0.0000       0.0001       0.0002       0.0000
    13       0.5750      -0.0000       0.0000       0.0001       0.0002       0.0000
    14       0.6250      -0.0000       0.0000       0.0001       0.0002       0.0000
    15       0.6750      -0.0001       0.0000       0.0001       0.0002       0.0000
    16       0.7250      -0.0005       0.0000       0.0001       0.0002       0.0000
    17       0.7750      -0.0017       0.0000       0.0001       0.0002       0.0000
    18       0.8250      -0.0058       0.0000       0.0001       0.0002       0.0000
    19       0.8750      -0.0204       0.0000       0.0001       0.0002       0.0000
    20       0.9250      -0.0714       0.0000       0.0001       0.0002       0.0000
    21       0.9750      -0.2500       0.0001       0.0001       0.0001      -0.0000
    22       1.0000       1.0000       0.0000       0.0000       1.0000       1.0000
