 # I XP T DE ATW ATP BT
     1    0.00000  400.00000    4.79846    0.00000    1.00000  400.00000
     2    0.00781  393.34396    2.39923    4.79846    7.19770   -2.12145
     3    0.02344  380.91611    2.39923    2.39923    4.79846   -1.86578
     4    0.03907  369.26593    2.39923    2.39923    4.79846   -1.64778
     5    0.05470  358.30252    2.39923    2.39923    4.79846   -1.46064
     6    0.07034  347.94791    2.39923    2.39923    4.79847   -1.29897
     7    0.08596  338.13474    2.39923    2.39923    4.79846   -1.15852
     8    0.10159  328.80441    2.39923    2.39923    4.79846   -1.03584
     9    0.11722  319.90585    2.39923    2.39923    4.79846   -0.92818
    10    0.13285  311.39413    2.39923    2.39923    4.79846   -0.83327
    11    0.14849  303.22974    2.39924    2.39923    4.79847   -0.74926
    12    0.16411  295.37759    2.39923    2.39924    4.79847   -0.67461
    13    0.17974  287.80661    2.39923    2.39923    4.79846   -0.60806
    14    0.19537  280.48904    2.39923    2.39923    4.79846   -0.54854
    15    0.21101  273.40015    2.39924    2.39923    4.79847   -0.49515
    16    0.22663  266.51761    2.39923    2.39924    4.79847   -0.44714
    17    0.24226  259.82144    2.39923    2.39923    4.79846   -0.40387
    18    0.25789  253.29361    2.39923    2.39923    4.79846   -0.36479
    19    0.27352  246.91782    2.39923    2.39923    4.79846   -0.32942
    20    0.28916  240.67932    2.39924    2.39923    4.79847   -0.29737
    21    0.30478  234.56476    2.39923    2.39924    4.79847   -0.26828
    22    0.32041  228.56200    2.39924    2.39923    4.79847   -0.24186
    23    0.33604  222.66005    2.39923    2.39924    4.79847   -0.21783
    24    0.35167  216.84888    2.39923    2.39923    4.79846   -0.19596
    25    0.36730  211.11935    2.39923    2.39923    4.79846   -0.17606
    26    0.38293  205.46321    2.39923    2.39923    4.79846   -0.15794
    27    0.39856  199.87289    2.39923    2.39923    4.79846   -0.14144
    28    0.41420  194.34154    2.39924    2.39923    4.79847   -0.12642
    29    0.42982  188.86287    2.39923    2.39924    4.79847   -0.11275
    30    0.44545  183.43118    2.39924    2.39923    4.79847   -0.10033
    31    0.46108  178.04132    2.39923    2.39924    4.79847   -0.08905
    32    0.47671  172.68857    2.39923    2.39923    4.79846   -0.07881
    33    0.49234  167.36867    2.39923    2.39923    4.79846   -0.06954
    34    0.50797  162.07776    2.39923    2.39923    4.79846   -0.06116
    35    0.52360  156.81233    2.39923    2.39923    4.79846   -0.05359
    36    0.53923  151.56923    2.39923    2.39923    4.79846   -0.04677
    37    0.55487  146.34561    2.39923    2.39923    4.79846   -0.04065
    38    0.57050  141.13893    2.39924    2.39923    4.79847   -0.03517
    39    0.58612  135.94691    2.39923    2.39924    4.79847   -0.03027
    40    0.60175  130.76749    2.39923    2.39923    4.79846   -0.02591
    41    0.61738  125.59885    2.39923    2.39923    4.79846   -0.02205
    42    0.63301  120.43942    2.39923    2.39923    4.79846   -0.01865
    43    0.64864  115.28776    2.39923    2.39923    4.79846   -0.01566
    44    0.66427  110.14262    2.39924    2.39923    4.79847   -0.01304
    45    0.67990  105.00291    2.39923    2.39924    4.79847   -0.01077
    46    0.69553   99.86768    2.39923    2.39923    4.79846   -0.00882
    47    0.71116   94.73610    2.39923    2.39923    4.79846   -0.00714
    48    0.72679   89.60750    2.39923    2.39923    4.79846   -0.00571
    49    0.74242   84.48128    2.39923    2.39923    4.79846   -0.00451
    50    0.75805   79.35693    2.39923    2.39923    4.79846   -0.00351
    51    0.77368   74.23405    2.39923    2.39923    4.79846   -0.00269
    52    0.78931   69.11230    2.39923    2.39923    4.79846   -0.00202
    53    0.80494   63.99138    2.39923    2.39923    4.79846   -0.00149
    54    0.82057   58.87108    2.39924    2.39923    4.79847   -0.00106
    55    0.83620   53.75123    2.39923    2.39924    4.79847   -0.00074
    56    0.85183   48.63168    2.39923    2.39923    4.79846   -0.00050
    57    0.86746   43.51233    2.39923    2.39923    4.79846   -0.00032
    58    0.88309   38.39310    2.39923    2.39923    4.79846   -0.00019
    59    0.89872   33.27396    2.39923    2.39923    4.79846   -0.00011
    60    0.91435   28.15487    2.39924    2.39923    4.79847   -0.00006
    61    0.92998   23.03581    2.39923    2.39924    4.79847   -0.00002
    62    0.94561   17.91673    2.39923    2.39923    4.79846   -0.00001
    63    0.96124   12.79767    2.39923    2.39923    4.79846   -0.00000
    64    0.97687    7.67860    2.39923    2.39923    4.79846   -0.00000
    65    0.99250    2.55953    4.79846    2.39923    7.19769   -0.00000
    66    1.00032    0.00000        NaN    0.00000    1.00000    0.00000
