 # I XP T DE ATW ATP BT
     1    0.00000  400.00000    0.60000    0.00000    1.00000  400.00000
     2    0.06250  349.09766    0.30000    0.60000    0.90000  -10.52642
     3    0.18750  282.38101    0.30000    0.30000    0.60000   -4.50646
     4    0.31250  230.68593    0.30000    0.30000    0.60000   -2.00714
     5    0.43750  185.68135    0.30000    0.30000    0.60000   -0.84249
     6    0.56250  143.48506    0.30000    0.30000    0.60000   -0.30041
     7    0.68750  102.29017    0.30000    0.30000    0.60000   -0.07759
     8    0.81250   61.35393    0.30000    0.30000    0.60000   -0.01004
     9    0.93750   20.45117    0.60000    0.30000    0.90000   -0.00012
    10    1.00000    0.00000    0.00000    0.00000    1.00000    0.00000
