 # I XP T DE ATW ATP BT
     1    0.00000  400.00000    2.40000    0.00000    1.00000  400.00000
     2    0.01562  386.72351    1.20000    2.40000    3.60000   -3.96310
     3    0.04688  363.47308    1.20000    1.20000    2.40000   -3.09259
     4    0.07812  342.79977    1.20000    1.20000    2.40000   -2.44678
     5    0.10938  324.16547    1.20000    1.20000    2.40000   -1.95659
     6    0.14062  307.16165    1.20000    1.20000    2.40000   -1.57725
     7    0.17188  291.47220    1.20000    1.20000    2.40000   -1.27886
     8    0.20312  276.84848    1.20000    1.20000    2.40000   -1.04088
     9    0.23438  263.09219    1.20000    1.20000    2.40000   -0.84892
    10    0.26562  250.04332    1.20000    1.20000    2.40000   -0.69262
    11    0.29688  237.57166    1.20000    1.20000    2.40000   -0.56443
    12    0.32812  225.57036    1.20000    1.20000    2.40000   -0.45873
    13    0.35938  213.95135    1.20000    1.20000    2.40000   -0.37127
    14    0.39062  202.64177    1.20000    1.20000    2.40000   -0.29878
    15    0.42188  191.58115    1.20000    1.20000    2.40000   -0.23870
    16    0.45312  180.71945    1.20000    1.20000    2.40000   -0.18900
    17    0.48438  170.01527    1.20000    1.20000    2.40000   -0.14804
    18    0.51562  159.43448    1.20000    1.20000    2.40000   -0.11449
    19    0.54688  148.94908    1.20000    1.20000    2.40000   -0.08721
    20    0.57812  138.53638    1.20000    1.20000    2.40000   -0.06527
    21    0.60938  128.17805    1.20000    1.20000    2.40000   -0.04783
    22    0.64062  117.85959    1.20000    1.20000    2.40000   -0.03419
    23    0.67188  107.56963    1.20000    1.20000    2.40000   -0.02372
    24    0.70312   97.29943    1.20000    1.20000    2.40000   -0.01588
    25    0.73438   87.04247    1.20000    1.20000    2.40000   -0.01017
    26    0.76562   76.79399    1.20000    1.20000    2.40000   -0.00616
    27    0.79688   66.55065    1.20000    1.20000    2.40000   -0.00348
    28    0.82812   56.31021    1.20000    1.20000    2.40000   -0.00178
    29    0.85938   46.07125    1.20000    1.20000    2.40000   -0.00080
    30    0.89062   35.83297    1.20000    1.20000    2.40000   -0.00029
    31    0.92188   25.59493    1.20000    1.20000    2.40000   -0.00008
    32    0.95312   15.35695    1.20000    1.20000    2.40000   -0.00001
    33    0.98438    5.11898    2.40000    1.20000    3.60000   -0.00000
    34    1.00000    0.00000    0.00000    0.00000    1.00000    0.00000
