 # I XP T DE ATW ATP BT
     1    0.00000  400.00000    2.40000    0.00000    1.00000  400.00000
     2    0.01562  386.72345    1.20000    2.40000    3.64099   11.88930
     3    0.04688  363.47299    1.20000    1.20000    2.43403    9.27775
     4    0.07812  342.79968    1.20000    1.20000    2.42855    7.34034
     5    0.10938  324.16537    1.20000    1.20000    2.42414    5.86977
     6    0.14062  307.16153    1.20000    1.20000    2.42054    4.73175
     7    0.17188  291.47208    1.20000    1.20000    2.41755    3.83656
     8    0.20312  276.84836    1.20000    1.20000    2.41504    3.12264
     9    0.23438  263.09204    1.20000    1.20000    2.41291    2.54674
    10    0.26562  250.04317    1.20000    1.20000    2.41108    2.07785
    11    0.29688  237.57147    1.20000    1.20000    2.40950    1.69329
    12    0.32812  225.57016    1.20000    1.20000    2.40813    1.37620
    13    0.35938  213.95113    1.20000    1.20000    2.40694    1.11381
    14    0.39062  202.64153    1.20000    1.20000    2.40590    0.89633
    15    0.42188  191.58093    1.20000    1.20000    2.40498    0.71608
    16    0.45312  180.71924    1.20000    1.20000    2.40418    0.56699
    17    0.48438  170.01508    1.20000    1.20000    2.40348    0.44412
    18    0.51562  159.43428    1.20000    1.20000    2.40287    0.34346
    19    0.54688  148.94891    1.20000    1.20000    2.40234    0.26164
    20    0.57812  138.53622    1.20000    1.20000    2.40188    0.19580
    21    0.60938  128.17793    1.20000    1.20000    2.40149    0.14349
    22    0.64062  117.85947    1.20000    1.20000    2.40116    0.10257
    23    0.67188  107.56953    1.20000    1.20000    2.40088    0.07117
    24    0.70312   97.29937    1.20000    1.20000    2.40065    0.04764
    25    0.73438   87.04243    1.20000    1.20000    2.40047    0.03051
    26    0.76562   76.79396    1.20000    1.20000    2.40032    0.01849
    27    0.79688   66.55062    1.20000    1.20000    2.40021    0.01043
    28    0.82812   56.31018    1.20000    1.20000    2.40013    0.00534
    29    0.85938   46.07123    1.20000    1.20000    2.40007    0.00239
    30    0.89062   35.83295    1.20000    1.20000    2.40003    0.00088
    31    0.92188   25.59491    1.20000    1.20000    2.40001    0.00023
    32    0.95312   15.35694    1.20000    1.20000    2.40000    0.00003
    33    0.98438    5.11898    2.40000    1.20000    3.60000    0.00000
    34    1.00000    0.00000    0.00000    0.00000    1.00000    0.00000
