 # I XP T DE ATW ATP BT
     1    0.00000  400.00000    4.79846    0.00000    1.00000  400.00000
     2    0.00781  393.34390    2.39923    4.79846    7.21927    6.36434
     3    0.02344  380.91592    2.39923    2.39923    4.81806    5.59734
     4    0.03907  369.26566    2.39923    2.39923    4.81631    4.94335
     5    0.05470  358.30222    2.39923    2.39923    4.81477    4.38192
     6    0.07034  347.94754    2.39923    2.39923    4.81340    3.89692
     7    0.08596  338.13434    2.39923    2.39923    4.81217    3.47555
     8    0.10159  328.80399    2.39923    2.39923    4.81107    3.10753
     9    0.11722  319.90536    2.39923    2.39923    4.81007    2.78454
    10    0.13285  311.39359    2.39923    2.39923    4.80917    2.49981
    11    0.14849  303.22913    2.39924    2.39923    4.80835    2.24777
    12    0.16411  295.37695    2.39923    2.39924    4.80760    2.02384
    13    0.17974  287.80597    2.39923    2.39923    4.80691    1.82419
    14    0.19537  280.48840    2.39923    2.39923    4.80628    1.64563
    15    0.21101  273.39944    2.39924    2.39923    4.80571    1.48546
    16    0.22663  266.51688    2.39923    2.39924    4.80518    1.34144
    17    0.24226  259.82068    2.39923    2.39923    4.80468    1.21162
    18    0.25789  253.29279    2.39923    2.39923    4.80422    1.09437
    19    0.27352  246.91695    2.39923    2.39923    4.80380    0.98828
    20    0.28916  240.67841    2.39924    2.39923    4.80341    0.89212
    21    0.30478  234.56383    2.39923    2.39924    4.80304    0.80486
    22    0.32041  228.56108    2.39924    2.39923    4.80270    0.72558
    23    0.33604  222.65916    2.39923    2.39924    4.80238    0.65349
    24    0.35167  216.84802    2.39923    2.39923    4.80208    0.58789
    25    0.36730  211.11856    2.39923    2.39923    4.80180    0.52818
    26    0.38293  205.46249    2.39923    2.39923    4.80154    0.47381
    27    0.39856  199.87224    2.39923    2.39923    4.80129    0.42431
    28    0.41420  194.34093    2.39924    2.39923    4.80107    0.37925
    29    0.42982  188.86234    2.39923    2.39924    4.80086    0.33826
    30    0.44545  183.43073    2.39924    2.39923    4.80065    0.30100
    31    0.46108  178.04092    2.39923    2.39924    4.80047    0.26715
    32    0.47671  172.68823    2.39923    2.39923    4.80029    0.23644
    33    0.49234  167.36836    2.39923    2.39923    4.80012    0.20863
    34    0.50797  162.07745    2.39923    2.39923    4.79997    0.18347
    35    0.52360  156.81203    2.39923    2.39923    4.79983    0.16076
    36    0.53923  151.56894    2.39923    2.39923    4.79970    0.14032
    37    0.55487  146.34537    2.39923    2.39923    4.79957    0.12195
    38    0.57050  141.13873    2.39924    2.39923    4.79947    0.10550
    39    0.58612  135.94673    2.39923    2.39924    4.79936    0.09081
    40    0.60175  130.76735    2.39923    2.39923    4.79925    0.07774
    41    0.61738  125.59873    2.39923    2.39923    4.79916    0.06616
    42    0.63301  120.43930    2.39923    2.39923    4.79908    0.05594
    43    0.64864  115.28765    2.39923    2.39923    4.79901    0.04697
    44    0.66427  110.14252    2.39924    2.39923    4.79894    0.03913
    45    0.67990  105.00282    2.39923    2.39924    4.79888    0.03232
    46    0.69553   99.86758    2.39923    2.39923    4.79882    0.02645
    47    0.71116   94.73601    2.39923    2.39923    4.79876    0.02142
    48    0.72679   89.60741    2.39923    2.39923    4.79872    0.01714
    49    0.74242   84.48119    2.39923    2.39923    4.79868    0.01354
    50    0.75805   79.35684    2.39923    2.39923    4.79864    0.01054
    51    0.77368   74.23396    2.39923    2.39923    4.79861    0.00807
    52    0.78931   69.11221    2.39923    2.39923    4.79858    0.00607
    53    0.80494   63.99129    2.39923    2.39923    4.79856    0.00446
    54    0.82057   58.87100    2.39924    2.39923    4.79854    0.00319
    55    0.83620   53.75117    2.39923    2.39924    4.79853    0.00222
    56    0.85183   48.63161    2.39923    2.39923    4.79850    0.00149
    57    0.86746   43.51227    2.39923    2.39923    4.79849    0.00095
    58    0.88309   38.39306    2.39923    2.39923    4.79848    0.00058
    59    0.89872   33.27392    2.39923    2.39923    4.79848    0.00033
    60    0.91435   28.15483    2.39924    2.39923    4.79848    0.00017
    61    0.92998   23.03577    2.39923    2.39924    4.79848    0.00007
    62    0.94561   17.91671    2.39923    2.39923    4.79846    0.00003
    63    0.96124   12.79765    2.39923    2.39923    4.79846    0.00001
    64    0.97687    7.67859    2.39923    2.39923    4.79846    0.00000
    65    0.99250    2.55953    4.79846    2.39923    7.19769    0.00000
    66    1.00032    0.00000        NaN    0.00000    1.00000    0.00000
