 # I XP T DE ATW ATP BT
     1    0.00000  400.00000    0.60000    0.00000    1.00000  400.00000
     2    0.06250  349.09769    0.30000    0.60000    1.02061   31.57928
     3    0.18750  282.38110    0.30000    0.30000    0.66384   13.51938
     4    0.31250  230.68604    0.30000    0.30000    0.63480    6.02143
     5    0.43750  185.68143    0.30000    0.30000    0.61815    2.52748
     6    0.56250  143.48512    0.30000    0.30000    0.60837    0.90124
     7    0.68750  102.29023    0.30000    0.30000    0.60303    0.23278
     8    0.81250   61.35397    0.30000    0.30000    0.60065    0.03013
     9    0.93750   20.45119    0.60000    0.30000    0.90002    0.00037
    10    1.00000    0.00000    0.00000    0.00000    1.00000    0.00000
