 # I XP T DE ATW ATP BT
     1    0.00000  328.84326  166.13417    0.00000  168.93417  904.81995
     2    0.00157  328.93924   83.06709  166.13417  249.20126    1.56500
     3    0.00470  329.11237   83.06709   83.06709  166.13417    1.56500
     4    0.00783  329.26669   83.06709   83.06709  166.13417    1.56500
     5    0.01096  329.40216   83.06709   83.06709  166.13417    1.56500
     6    0.01409  329.51883   83.06709   83.06709  166.13417    1.56500
     7    0.01722  329.61664   83.06709   83.06709  166.13417    1.56500
     8    0.02035  329.69562   83.06709   83.06709  166.13417    1.56500
     9    0.02348  329.75574   83.06709   83.06709  166.13417    1.56500
    10    0.02661  329.79700   83.06709   83.06709  166.13417    1.56500
    11    0.02974  329.81946   83.06704   83.06709  166.13412    1.56500
    12    0.03287  329.82306   83.06718   83.06704  166.13422    1.56500
    13    0.03599  329.80780   83.06699   83.06718  166.13417    1.56500
    14    0.03913  329.77371   83.06718   83.06699  166.13417    1.56500
    15    0.04225  329.72076   83.06699   83.06718  166.13417    1.56500
    16    0.04539  329.64899   83.06718   83.06699  166.13417    1.56500
    17    0.04851  329.55835   83.06699   83.06718  166.13417    1.56500
    18    0.05165  329.44885   83.06718   83.06699  166.13417    1.56500
    19    0.05477  329.32053   83.06699   83.06718  166.13417    1.56500
    20    0.05791  329.17337   83.06718   83.06699  166.13417    1.56500
    21    0.06103  329.00742   83.06699   83.06718  166.13417    1.56500
    22    0.06417  328.82257   83.06718   83.06699  166.13417    1.56500
    23    0.06729  328.61890   83.06699   83.06718  166.13417    1.56500
    24    0.07043  328.39639   83.06718   83.06699  166.13417    1.56500
    25    0.07356  328.15503   83.06699   83.06718  166.13417    1.56500
    26    0.07669  327.89484   83.06718   83.06699  166.13417    1.56500
    27    0.07982  327.61581   83.06699   83.06718  166.13417    1.56500
    28    0.08295  327.31793   83.06718   83.06699  166.13417    1.56500
    29    0.08608  327.00122   83.06699   83.06718  166.13417    1.56500
    30    0.08921  326.66568   83.06718   83.06699  166.13417    1.56500
    31    0.09234  326.31128   83.06699   83.06718  166.13417    1.56500
    32    0.09547  325.93802   83.06718   83.06699  166.13417    1.56500
    33    0.09860  325.54593  166.13397   83.06718  249.20116    1.56500
    34    0.10016  325.34045    0.00000  166.13397  168.93398  876.81995
