 # I XP T DE ATW ATP BT
     1    0.00000  328.81165  333.33331    0.00000  336.13330  904.81995
     2    0.00078  328.85919  166.66664  333.33331  499.99994    0.78000
     3    0.00234  328.94958  166.66666  166.66664  333.33331    0.78000
     4    0.00390  329.03534  166.66666  166.66666  333.33331    0.78000
     5    0.00546  329.11642  166.66669  166.66666  333.33334    0.78000
     6    0.00702  329.19284  166.66664  166.66669  333.33331    0.78000
     7    0.00858  329.26456  166.66669  166.66664  333.33331    0.78000
     8    0.01014  329.33157  166.66658  166.66669  333.33325    0.78000
     9    0.01170  329.39386  166.66678  166.66658  333.33337    0.78000
    10    0.01326  329.45151  166.66658  166.66678  333.33337    0.78000
    11    0.01482  329.50455  166.66658  166.66658  333.33316    0.78000
    12    0.01638  329.55289  166.66678  166.66658  333.33337    0.78000
    13    0.01794  329.59659  166.66658  166.66678  333.33337    0.78000
    14    0.01950  329.63565  166.66658  166.66658  333.33316    0.78000
    15    0.02106  329.67001  166.66678  166.66658  333.33337    0.78000
    16    0.02262  329.69974  166.66678  166.66678  333.33356    0.78000
    17    0.02418  329.72476  166.66638  166.66678  333.33316    0.78000
    18    0.02574  329.74515  166.66678  166.66638  333.33316    0.78000
    19    0.02730  329.76080  166.66678  166.66678  333.33356    0.78000
    20    0.02886  329.77182  166.66658  166.66678  333.33337    0.78000
    21    0.03042  329.77820  166.66658  166.66658  333.33316    0.78000
    22    0.03198  329.77991  166.66638  166.66658  333.33295    0.78000
    23    0.03354  329.77695  166.66718  166.66638  333.33356    0.78000
    24    0.03510  329.76929  166.66638  166.66718  333.33356    0.78000
    25    0.03666  329.75696  166.66638  166.66638  333.33276    0.78000
    26    0.03822  329.73993  166.66718  166.66638  333.33356    0.78000
    27    0.03978  329.71820  166.66638  166.66718  333.33356    0.78000
    28    0.04134  329.69180  166.66678  166.66638  333.33316    0.78000
    29    0.04290  329.66071  166.66678  166.66678  333.33356    0.78000
    30    0.04446  329.62494  166.66638  166.66678  333.33316    0.78000
    31    0.04602  329.58447  166.66678  166.66638  333.33316    0.78000
    32    0.04758  329.53934  166.66678  166.66678  333.33356    0.78000
    33    0.04914  329.48953  166.66638  166.66678  333.33316    0.78000
    34    0.05070  329.43503  166.66678  166.66638  333.33316    0.78000
    35    0.05226  329.37585  166.66678  166.66678  333.33356    0.78000
    36    0.05382  329.31201  166.66638  166.66678  333.33316    0.78000
    37    0.05538  329.24347  166.66678  166.66638  333.33316    0.78000
    38    0.05694  329.17026  166.66678  166.66678  333.33356    0.78000
    39    0.05850  329.09235  166.66638  166.66678  333.33316    0.78000
    40    0.06006  329.00977  166.66718  166.66638  333.33356    0.78000
    41    0.06162  328.92249  166.66638  166.66718  333.33356    0.78000
    42    0.06318  328.83054  166.66638  166.66638  333.33276    0.78000
    43    0.06474  328.73392  166.66638  166.66638  333.33276    0.78000
    44    0.06630  328.63260  166.66718  166.66638  333.33356    0.78000
    45    0.06786  328.52661  166.66638  166.66718  333.33356    0.78000
    46    0.06942  328.41595  166.66718  166.66638  333.33356    0.78000
    47    0.07098  328.30060  166.66638  166.66718  333.33356    0.78000
    48    0.07254  328.18054  166.66638  166.66638  333.33276    0.78000
    49    0.07410  328.05582  166.66638  166.66638  333.33276    0.78000
    50    0.07566  327.92636  166.66718  166.66638  333.33356    0.78000
    51    0.07722  327.79227  166.66718  166.66718  333.33435    0.78000
    52    0.07878  327.65347  166.66638  166.66718  333.33356    0.78000
    53    0.08034  327.51001  166.66638  166.66638  333.33276    0.78000
    54    0.08190  327.36185  166.66638  166.66638  333.33276    0.78000
    55    0.08346  327.20898  166.66718  166.66638  333.33356    0.78000
    56    0.08502  327.05145  166.66638  166.66718  333.33356    0.78000
    57    0.08658  326.88922  166.66718  166.66638  333.33356    0.78000
    58    0.08814  326.72229  166.66638  166.66718  333.33356    0.78000
    59    0.08970  326.55072  166.66638  166.66638  333.33276    0.78000
    60    0.09126  326.37442  166.66638  166.66638  333.33276    0.78000
    61    0.09282  326.19345  166.66718  166.66638  333.33356    0.78000
    62    0.09438  326.00781  166.66638  166.66718  333.33356    0.78000
    63    0.09594  325.81744  166.66718  166.66638  333.33356    0.78000
    64    0.09750  325.62241  166.66638  166.66718  333.33356    0.78000
    65    0.09906  325.42267  333.33276  166.66638  499.99915    0.78000
    66    0.09984  325.32047    0.00000  333.33276  336.13275  876.81995
