 # I XP T DE ATW ATP BT
     1    0.00000  328.82910   83.20000    0.00000   86.00000  904.81995
     2    0.00313  329.02023   41.59999   83.20000  124.79999    3.12500
     3    0.00938  329.32736   41.60000   41.59999   83.20000    3.12500
     4    0.01562  329.55936   41.59999   41.60000   83.19999    3.12500
     5    0.02188  329.71622   41.60001   41.59999   83.20000    3.12500
     6    0.02812  329.79794   41.59999   41.60001   83.20000    3.12500
     7    0.03438  329.80450   41.60001   41.59999   83.20000    3.12500
     8    0.04062  329.73590   41.59999   41.60001   83.20000    3.12500
     9    0.04688  329.59216   41.59999   41.59999   83.19997    3.12500
    10    0.05313  329.37329   41.59999   41.59999   83.19997    3.12500
    11    0.05938  329.07928   41.60004   41.59999   83.20003    3.12500
    12    0.06562  328.71017   41.59994   41.60004   83.19997    3.12500
    13    0.07188  328.26596   41.60004   41.59994   83.19997    3.12500
    14    0.07812  327.74661   41.59999   41.60004   83.20003    3.12500
    15    0.08438  327.15222   41.59999   41.59999   83.19997    3.12500
    16    0.09063  326.48273   41.60004   41.59999   83.20003    3.12500
    17    0.09687  325.73810   83.19987   41.60004  124.79991    3.12500
    18    0.10000  325.32825    0.00000   83.19987   85.99988  876.81995
