 # I XP T DE ATW ATP BT
     1    0.00000  328.82941   41.60000    0.00000   44.40000  904.81995
     2    0.00625  329.21164   20.80000   41.60000   62.39999    6.25000
     3    0.01875  329.67566   20.80000   20.80000   41.60000    6.25000
     4    0.03125  329.83923   20.79999   20.80000   41.59999    6.25000
     5    0.04375  329.70230   20.80001   20.79999   41.60000    6.25000
     6    0.05625  329.26483   20.79999   20.80001   41.60000    6.25000
     7    0.06875  328.52686   20.80001   20.79999   41.60000    6.25000
     8    0.08125  327.48837   20.79999   20.80001   41.60000    6.25000
     9    0.09375  326.14938   41.59999   20.79999   62.39998    6.25000
    10    0.10000  325.32962    0.00000   41.59999   44.39999  876.81995
