 # I XP T DE ATW ATP BT
     1    0.00000  400.00000    0.00100    0.00000    1.00000  400.00000
     2    0.06250  275.26599    0.00050    0.00100    0.06063   16.15290
     3    0.18750  273.16800    0.00050    0.00050    0.05879   15.78497
     4    0.31250  273.15021    0.00050    0.00050    0.05878   15.78189
     5    0.43750  273.15002    0.00050    0.00050    0.05878   15.78185
     6    0.56250  273.15002    0.00050    0.00050    0.05878   15.78185
     7    0.68750  273.14966    0.00050    0.00050    0.05878   15.78179
     8    0.81250  273.10977    0.00050    0.00050    0.05875   15.77488
     9    0.93750  268.42346    0.00100    0.00050    0.05633   14.98361
    10    1.00000    0.00000    0.00000    0.00000    1.00000    0.00000
