 # I XP T DE ATW ATP BT
     1    0.00000  400.00000    0.00400    0.00000    1.00000  400.00000
     2    0.01562  296.05939    0.00200    0.00400    0.02439    5.07021
     3    0.04688  275.63696    0.00200    0.00200    0.01884    4.05471
     4    0.07812  273.42258    0.00200    0.00200    0.01849    3.95729
     5    0.10938  273.17990    0.00200    0.00200    0.01845    3.94676
     6    0.14062  273.15329    0.00200    0.00200    0.01844    3.94560
     7    0.17188  273.15036    0.00200    0.00200    0.01844    3.94548
     8    0.20312  273.15002    0.00200    0.00200    0.01844    3.94546
     9    0.23438  273.14996    0.00200    0.00200    0.01844    3.94546
    10    0.26562  273.14996    0.00200    0.00200    0.01844    3.94546
    11    0.29688  273.14996    0.00200    0.00200    0.01844    3.94546
    12    0.32812  273.14996    0.00200    0.00200    0.01844    3.94546
    13    0.35938  273.14996    0.00200    0.00200    0.01844    3.94546
    14    0.39062  273.14996    0.00200    0.00200    0.01844    3.94546
    15    0.42188  273.14996    0.00200    0.00200    0.01844    3.94546
    16    0.45312  273.14996    0.00200    0.00200    0.01844    3.94546
    17    0.48438  273.14996    0.00200    0.00200    0.01844    3.94546
    18    0.51562  273.14996    0.00200    0.00200    0.01844    3.94546
    19    0.54688  273.14996    0.00200    0.00200    0.01844    3.94546
    20    0.57812  273.14996    0.00200    0.00200    0.01844    3.94546
    21    0.60938  273.14996    0.00200    0.00200    0.01844    3.94546
    22    0.64062  273.14996    0.00200    0.00200    0.01844    3.94546
    23    0.67188  273.14996    0.00200    0.00200    0.01844    3.94546
    24    0.70312  273.14996    0.00200    0.00200    0.01844    3.94546
    25    0.73438  273.14996    0.00200    0.00200    0.01844    3.94546
    26    0.76562  273.14993    0.00200    0.00200    0.01844    3.94546
    27    0.79688  273.14984    0.00200    0.00200    0.01844    3.94546
    28    0.82812  273.14883    0.00200    0.00200    0.01844    3.94541
    29    0.85938  273.13940    0.00200    0.00200    0.01844    3.94500
    30    0.89062  273.05334    0.00200    0.00200    0.01843    3.94128
    31    0.92188  272.26962    0.00200    0.00200    0.01831    3.90750
    32    0.95312  265.15836    0.00200    0.00200    0.01721    3.61406
    33    0.98438  202.81427    0.00400    0.00200    0.01191    1.88576
    34    1.00000    0.00000    0.00000    0.00000    1.00000    0.00000
