 # I XP T DE ATW ATP BT
     1    0.00000  400.00000    0.00800    0.00000    1.00000  400.00000
     2    0.00781  322.98169    0.00400    0.00800    0.02394    3.38652
     3    0.02344  286.74533    0.00400    0.00400    0.01636    2.29076
     4    0.03907  276.96683    0.00400    0.00400    0.01553    2.05784
     5    0.05470  274.23007    0.00400    0.00400    0.01531    1.99691
     6    0.07034  273.45633    0.00400    0.00400    0.01525    1.98001
     7    0.08596  273.23691    0.00400    0.00400    0.01523    1.97525
     8    0.10159  273.17465    0.00400    0.00400    0.01522    1.97390
     9    0.11722  273.15698    0.00400    0.00400    0.01522    1.97351
    10    0.13285  273.15201    0.00400    0.00400    0.01522    1.97341
    11    0.14849  273.15054    0.00400    0.00400    0.01522    1.97337
    12    0.16411  273.15015    0.00400    0.00400    0.01522    1.97336
    13    0.17974  273.15002    0.00400    0.00400    0.01522    1.97336
    14    0.19537  273.14999    0.00400    0.00400    0.01522    1.97336
    15    0.21101  273.14996    0.00400    0.00400    0.01522    1.97336
    16    0.22663  273.14999    0.00400    0.00400    0.01522    1.97336
    17    0.24226  273.14996    0.00400    0.00400    0.01522    1.97336
    18    0.25789  273.14999    0.00400    0.00400    0.01522    1.97336
    19    0.27352  273.15002    0.00400    0.00400    0.01522    1.97336
    20    0.28916  273.14999    0.00400    0.00400    0.01522    1.97336
    21    0.30478  273.14996    0.00400    0.00400    0.01522    1.97336
    22    0.32041  273.14996    0.00400    0.00400    0.01522    1.97336
    23    0.33604  273.14996    0.00400    0.00400    0.01522    1.97336
    24    0.35167  273.14999    0.00400    0.00400    0.01522    1.97336
    25    0.36730  273.14996    0.00400    0.00400    0.01522    1.97336
    26    0.38293  273.14999    0.00400    0.00400    0.01522    1.97336
    27    0.39856  273.15002    0.00400    0.00400    0.01522    1.97336
    28    0.41420  273.14999    0.00400    0.00400    0.01522    1.97336
    29    0.42982  273.14996    0.00400    0.00400    0.01522    1.97336
    30    0.44545  273.14996    0.00400    0.00400    0.01522    1.97336
    31    0.46108  273.14996    0.00400    0.00400    0.01522    1.97336
    32    0.47671  273.14999    0.00400    0.00400    0.01522    1.97336
    33    0.49234  273.14996    0.00400    0.00400    0.01522    1.97336
    34    0.50797  273.14996    0.00400    0.00400    0.01522    1.97336
    35    0.52360  273.14996    0.00400    0.00400    0.01522    1.97336
    36    0.53923  273.14996    0.00400    0.00400    0.01522    1.97336
    37    0.55487  273.14999    0.00400    0.00400    0.01522    1.97336
    38    0.57050  273.14996    0.00400    0.00400    0.01522    1.97336
    39    0.58612  273.14996    0.00400    0.00400    0.01522    1.97336
    40    0.60175  273.14996    0.00400    0.00400    0.01522    1.97336
    41    0.61738  273.14996    0.00400    0.00400    0.01522    1.97336
    42    0.63301  273.14999    0.00400    0.00400    0.01522    1.97336
    43    0.64864  273.14996    0.00400    0.00400    0.01522    1.97336
    44    0.66427  273.14999    0.00400    0.00400    0.01522    1.97336
    45    0.67990  273.14999    0.00400    0.00400    0.01522    1.97336
    46    0.69553  273.14999    0.00400    0.00400    0.01522    1.97336
    47    0.71116  273.14996    0.00400    0.00400    0.01522    1.97336
    48    0.72679  273.14996    0.00400    0.00400    0.01522    1.97336
    49    0.74242  273.14996    0.00400    0.00400    0.01522    1.97336
    50    0.75805  273.14996    0.00400    0.00400    0.01522    1.97336
    51    0.77368  273.14996    0.00400    0.00400    0.01522    1.97336
    52    0.78931  273.14999    0.00400    0.00400    0.01522    1.97336
    53    0.80494  273.14996    0.00400    0.00400    0.01522    1.97336
    54    0.82057  273.14984    0.00400    0.00400    0.01522    1.97335
    55    0.83620  273.14935    0.00400    0.00400    0.01522    1.97335
    56    0.85183  273.14764    0.00400    0.00400    0.01522    1.97331
    57    0.86746  273.14172    0.00400    0.00400    0.01522    1.97318
    58    0.88309  273.12091    0.00400    0.00400    0.01522    1.97273
    59    0.89872  273.04752    0.00400    0.00400    0.01521    1.97114
    60    0.91435  272.78915    0.00400    0.00400    0.01519    1.96556
    61    0.92998  271.88019    0.00400    0.00400    0.01512    1.94603
    62    0.94561  268.69308    0.00400    0.00400    0.01487    1.87911
    63    0.96124  257.64871    0.00400    0.00400    0.01406    1.66493
    64    0.97687  220.89330    0.00400    0.00400    0.01182    1.12633
    65    0.99250  113.52879    0.00800    0.00400    0.01251    0.53751
    66    1.00032    0.00000        NaN    0.00000    1.00000    0.00000
