 # I XP T DE ATW ATP BT
     1    0.00000  373.14999    0.96000    0.00000    1.00000  373.14999
     2    0.00625  366.90002    0.48000    0.96000    1.44000    0.00000
     3    0.01875  354.39999    0.48000    0.48000    0.96000    0.00000
     4    0.03125  341.89996    0.48000    0.48000    0.96000    0.00000
     5    0.04375  329.39993    0.48000    0.48000    0.96000    0.00000
     6    0.05625  316.89996    0.48000    0.48000    0.96000    0.00000
     7    0.06875  304.39999    0.48000    0.48000    0.96000    0.00000
     8    0.08125  291.90002    0.48000    0.48000    0.96000    0.00000
     9    0.09375  279.40002    0.96000    0.48000    1.44000    0.00000
    10    0.10000  273.14999    0.00000    0.00000    1.00000  273.14999
