 # I XP T DE ATW ATP BT
     1    0.00000  373.14999    1.92000    0.00000    1.00000  373.14999
     2    0.00313  370.02502    0.96000    1.92000    2.88000    0.00000
     3    0.00938  363.77499    0.96000    0.96000    1.92000    0.00000
     4    0.01562  357.52499    0.96000    0.96000    1.92000    0.00000
     5    0.02188  351.27499    0.96000    0.96000    1.92000    0.00000
     6    0.02812  345.02499    0.96000    0.96000    1.92000    0.00000
     7    0.03438  338.77499    0.96000    0.96000    1.92000    0.00000
     8    0.04062  332.52499    0.96000    0.96000    1.92000    0.00000
     9    0.04688  326.27493    0.96000    0.96000    1.92000    0.00000
    10    0.05313  320.02490    0.96000    0.96000    1.92000    0.00000
    11    0.05938  313.77484    0.96000    0.96000    1.92000    0.00000
    12    0.06562  307.52481    0.96000    0.96000    1.92000    0.00000
    13    0.07188  301.27481    0.96000    0.96000    1.92000    0.00000
    14    0.07812  295.02484    0.96000    0.96000    1.92000    0.00000
    15    0.08438  288.77487    0.96000    0.96000    1.92000    0.00000
    16    0.09063  282.52490    0.96000    0.96000    1.92000    0.00000
    17    0.09687  276.27496    1.92000    0.96000    2.88000    0.00000
    18    0.10000  273.14999    0.00000    0.00000    1.00000  273.14999
