 # I XP T DE ATW ATP BT
     1    0.00000  373.14999    7.69231    0.00000    1.00000  373.14999
     2    0.00078  372.36862    3.84615    7.69231   11.53846    0.00000
     3    0.00234  370.80591    3.84615    3.84615    7.69231    0.00000
     4    0.00390  369.24319    3.84615    3.84615    7.69231    0.00000
     5    0.00546  367.68048    3.84615    3.84615    7.69231    0.00000
     6    0.00702  366.11774    3.84615    3.84615    7.69231    0.00000
     7    0.00858  364.55496    3.84615    3.84615    7.69231    0.00000
     8    0.01014  362.99216    3.84615    3.84615    7.69231    0.00000
     9    0.01170  361.42935    3.84616    3.84615    7.69231    0.00000
    10    0.01326  359.86661    3.84615    3.84616    7.69231    0.00000
    11    0.01482  358.30386    3.84615    3.84615    7.69230    0.00000
    12    0.01638  356.74115    3.84616    3.84615    7.69231    0.00000
    13    0.01794  355.17841    3.84615    3.84616    7.69231    0.00000
    14    0.01950  353.61572    3.84615    3.84615    7.69230    0.00000
    15    0.02106  352.05301    3.84616    3.84615    7.69231    0.00000
    16    0.02262  350.49033    3.84616    3.84616    7.69231    0.00000
    17    0.02418  348.92764    3.84615    3.84616    7.69230    0.00000
    18    0.02574  347.36496    3.84616    3.84615    7.69230    0.00000
    19    0.02730  345.80234    3.84616    3.84616    7.69231    0.00000
    20    0.02886  344.23972    3.84615    3.84616    7.69231    0.00000
    21    0.03042  342.67712    3.84615    3.84615    7.69230    0.00000
    22    0.03198  341.11453    3.84615    3.84615    7.69230    0.00000
    23    0.03354  339.55191    3.84617    3.84615    7.69231    0.00000
    24    0.03510  337.98932    3.84615    3.84617    7.69231    0.00000
    25    0.03666  336.42676    3.84615    3.84615    7.69230    0.00000
    26    0.03822  334.86420    3.84617    3.84615    7.69231    0.00000
    27    0.03978  333.30167    3.84615    3.84617    7.69231    0.00000
    28    0.04134  331.73911    3.84616    3.84615    7.69230    0.00000
    29    0.04290  330.17654    3.84616    3.84616    7.69231    0.00000
    30    0.04446  328.61404    3.84615    3.84616    7.69230    0.00000
    31    0.04602  327.05157    3.84616    3.84615    7.69230    0.00000
    32    0.04758  325.48907    3.84616    3.84616    7.69231    0.00000
    33    0.04914  323.92661    3.84615    3.84616    7.69230    0.00000
    34    0.05070  322.36420    3.84616    3.84615    7.69230    0.00000
    35    0.05226  320.80179    3.84616    3.84616    7.69231    0.00000
    36    0.05382  319.23938    3.84615    3.84616    7.69230    0.00000
    37    0.05538  317.67700    3.84616    3.84615    7.69230    0.00000
    38    0.05694  316.11465    3.84616    3.84616    7.69231    0.00000
    39    0.05850  314.55231    3.84615    3.84616    7.69230    0.00000
    40    0.06006  312.98999    3.84617    3.84615    7.69231    0.00000
    41    0.06162  311.42764    3.84615    3.84617    7.69231    0.00000
    42    0.06318  309.86533    3.84615    3.84615    7.69230    0.00000
    43    0.06474  308.30301    3.84615    3.84615    7.69230    0.00000
    44    0.06630  306.74066    3.84617    3.84615    7.69231    0.00000
    45    0.06786  305.17831    3.84615    3.84617    7.69231    0.00000
    46    0.06942  303.61597    3.84617    3.84615    7.69231    0.00000
    47    0.07098  302.05362    3.84615    3.84617    7.69231    0.00000
    48    0.07254  300.49124    3.84615    3.84615    7.69230    0.00000
    49    0.07410  298.92886    3.84615    3.84615    7.69230    0.00000
    50    0.07566  297.36652    3.84617    3.84615    7.69231    0.00000
    51    0.07722  295.80417    3.84617    3.84617    7.69233    0.00000
    52    0.07878  294.24182    3.84615    3.84617    7.69231    0.00000
    53    0.08034  292.67944    3.84615    3.84615    7.69230    0.00000
    54    0.08190  291.11710    3.84615    3.84615    7.69230    0.00000
    55    0.08346  289.55478    3.84617    3.84615    7.69231    0.00000
    56    0.08502  287.99243    3.84615    3.84617    7.69231    0.00000
    57    0.08658  286.43008    3.84617    3.84615    7.69231    0.00000
    58    0.08814  284.86774    3.84615    3.84617    7.69231    0.00000
    59    0.08970  283.30539    3.84615    3.84615    7.69230    0.00000
    60    0.09126  281.74301    3.84615    3.84615    7.69230    0.00000
    61    0.09282  280.18063    3.84617    3.84615    7.69231    0.00000
    62    0.09438  278.61829    3.84615    3.84617    7.69231    0.00000
    63    0.09594  277.05591    3.84617    3.84615    7.69231    0.00000
    64    0.09750  275.49353    3.84615    3.84617    7.69231    0.00000
    65    0.09906  273.93118    7.69230    3.84615   11.53844    0.00000
    66    0.09984  273.14999    0.00000    0.00000    1.00000  273.14999
