 # I XP T DE ATW ATP BT
     1    0.00000  373.14999    1.20000    0.00000    1.00000  373.14999
     2    0.03125  370.02496    0.60000    1.20000    1.80000    0.00000
     3    0.09375  363.77496    0.60000    0.60000    1.20000    0.00000
     4    0.15625  357.52490    0.60000    0.60000    1.20000    0.00000
     5    0.21875  351.27484    0.60000    0.60000    1.20000    0.00000
     6    0.28125  345.02478    0.60000    0.60000    1.20000    0.00000
     7    0.34375  338.77472    0.60000    0.60000    1.20000    0.00000
     8    0.40625  332.52466    0.60000    0.60000    1.20000    0.00000
     9    0.46875  326.27463    0.60000    0.60000    1.20000    0.00000
    10    0.53125  320.02463    0.60000    0.60000    1.20000    0.00000
    11    0.59375  313.77463    0.60000    0.60000    1.20000    0.00000
    12    0.65625  307.52463    0.60000    0.60000    1.20000    0.00000
    13    0.71875  301.27466    0.60000    0.60000    1.20000    0.00000
    14    0.78125  295.02472    0.60000    0.60000    1.20000    0.00000
    15    0.84375  288.77478    0.60000    0.60000    1.20000    0.00000
    16    0.90625  282.52484    0.60000    0.60000    1.20000    0.00000
    17    0.96875  276.27493    1.20000    0.60000    1.80000    0.00000
    18    1.00000  273.14999    0.00000    0.00000    1.00000  273.14999
