 # I XP T DE ATW ATP BT
     1    0.00000  373.14999    4.79846    0.00000    1.00000  373.14999
     2    0.00781  372.36887    2.39923    4.79846    7.19770    0.00000
     3    0.02344  370.80658    2.39923    2.39923    4.79846    0.00000
     4    0.03907  369.24429    2.39923    2.39923    4.79846    0.00000
     5    0.05470  367.68204    2.39923    2.39923    4.79846    0.00000
     6    0.07034  366.11975    2.39923    2.39923    4.79847    0.00000
     7    0.08596  364.55753    2.39923    2.39923    4.79846    0.00000
     8    0.10159  362.99530    2.39923    2.39923    4.79846    0.00000
     9    0.11722  361.43307    2.39923    2.39923    4.79846    0.00000
    10    0.13285  359.87082    2.39923    2.39923    4.79846    0.00000
    11    0.14849  358.30853    2.39924    2.39923    4.79847    0.00000
    12    0.16411  356.74625    2.39923    2.39924    4.79847    0.00000
    13    0.17974  355.18396    2.39923    2.39923    4.79846    0.00000
    14    0.19537  353.62167    2.39923    2.39923    4.79846    0.00000
    15    0.21101  352.05936    2.39924    2.39923    4.79847    0.00000
    16    0.22663  350.49707    2.39923    2.39924    4.79847    0.00000
    17    0.24226  348.93475    2.39923    2.39923    4.79846    0.00000
    18    0.25789  347.37244    2.39923    2.39923    4.79846    0.00000
    19    0.27352  345.81009    2.39923    2.39923    4.79846    0.00000
    20    0.28916  344.24774    2.39924    2.39923    4.79847    0.00000
    21    0.30478  342.68539    2.39923    2.39924    4.79847    0.00000
    22    0.32041  341.12305    2.39924    2.39923    4.79847    0.00000
    23    0.33604  339.56067    2.39923    2.39924    4.79847    0.00000
    24    0.35167  337.99826    2.39923    2.39923    4.79846    0.00000
    25    0.36730  336.43585    2.39923    2.39923    4.79846    0.00000
    26    0.38293  334.87344    2.39923    2.39923    4.79846    0.00000
    27    0.39856  333.31100    2.39923    2.39923    4.79846    0.00000
    28    0.41420  331.74860    2.39924    2.39923    4.79847    0.00000
    29    0.42982  330.18616    2.39923    2.39924    4.79847    0.00000
    30    0.44545  328.62375    2.39924    2.39923    4.79847    0.00000
    31    0.46108  327.06128    2.39923    2.39924    4.79847    0.00000
    32    0.47671  325.49881    2.39923    2.39923    4.79846    0.00000
    33    0.49234  323.93637    2.39923    2.39923    4.79846    0.00000
    34    0.50797  322.37393    2.39923    2.39923    4.79846    0.00000
    35    0.52360  320.81149    2.39923    2.39923    4.79846    0.00000
    36    0.53923  319.24905    2.39923    2.39923    4.79846    0.00000
    37    0.55487  317.68658    2.39923    2.39923    4.79846    0.00000
    38    0.57050  316.12408    2.39924    2.39923    4.79847    0.00000
    39    0.58612  314.56158    2.39923    2.39924    4.79847    0.00000
    40    0.60175  312.99902    2.39923    2.39923    4.79846    0.00000
    41    0.61738  311.43649    2.39923    2.39923    4.79846    0.00000
    42    0.63301  309.87393    2.39923    2.39923    4.79846    0.00000
    43    0.64864  308.31137    2.39923    2.39923    4.79846    0.00000
    44    0.66427  306.74884    2.39924    2.39923    4.79847    0.00000
    45    0.67990  305.18625    2.39923    2.39924    4.79847    0.00000
    46    0.69553  303.62363    2.39923    2.39923    4.79846    0.00000
    47    0.71116  302.06100    2.39923    2.39923    4.79846    0.00000
    48    0.72679  300.49835    2.39923    2.39923    4.79846    0.00000
    49    0.74242  298.93570    2.39923    2.39923    4.79846    0.00000
    50    0.75805  297.37305    2.39923    2.39923    4.79846    0.00000
    51    0.77368  295.81036    2.39923    2.39923    4.79846    0.00000
    52    0.78931  294.24768    2.39923    2.39923    4.79846    0.00000
    53    0.80494  292.68497    2.39923    2.39923    4.79846    0.00000
    54    0.82057  291.12225    2.39924    2.39923    4.79847    0.00000
    55    0.83620  289.55954    2.39923    2.39924    4.79847    0.00000
    56    0.85183  287.99680    2.39923    2.39923    4.79846    0.00000
    57    0.86746  286.43405    2.39923    2.39923    4.79846    0.00000
    58    0.88309  284.87131    2.39923    2.39923    4.79846    0.00000
    59    0.89872  283.30853    2.39923    2.39923    4.79846    0.00000
    60    0.91435  281.74573    2.39924    2.39923    4.79847    0.00000
    61    0.92998  280.18292    2.39923    2.39924    4.79847    0.00000
    62    0.94561  278.62006    2.39923    2.39923    4.79846    0.00000
    63    0.96124  277.05719    2.39923    2.39923    4.79846    0.00000
    64    0.97687  275.49432    2.39923    2.39923    4.79846    0.00000
    65    0.99250  273.93143    4.79846    2.39923    7.19769    0.00000
    66    1.00032  273.14999    0.00000    0.00000    1.00000  273.14999
