 # I XP T DE ATW ATP BT
     1    0.00000  373.14999    0.95847    0.00000    1.00000  373.14999
     2    0.00157  371.58752    0.47923    0.95847    1.43770    0.00000
     3    0.00470  368.46259    0.47923    0.47923    0.95847    0.00000
     4    0.00783  365.33768    0.47923    0.47923    0.95847    0.00000
     5    0.01096  362.21277    0.47923    0.47923    0.95847    0.00000
     6    0.01409  359.08786    0.47923    0.47923    0.95847    0.00000
     7    0.01722  355.96292    0.47923    0.47923    0.95847    0.00000
     8    0.02035  352.83804    0.47923    0.47923    0.95847    0.00000
     9    0.02348  349.71320    0.47923    0.47923    0.95847    0.00000
    10    0.02661  346.58832    0.47923    0.47923    0.95847    0.00000
    11    0.02974  343.46347    0.47923    0.47923    0.95847    0.00000
    12    0.03287  340.33868    0.47923    0.47923    0.95847    0.00000
    13    0.03599  337.21393    0.47923    0.47923    0.95847    0.00000
    14    0.03913  334.08911    0.47923    0.47923    0.95847    0.00000
    15    0.04225  330.96426    0.47923    0.47923    0.95847    0.00000
    16    0.04539  327.83942    0.47923    0.47923    0.95847    0.00000
    17    0.04851  324.71457    0.47923    0.47923    0.95847    0.00000
    18    0.05165  321.58969    0.47923    0.47923    0.95847    0.00000
    19    0.05477  318.46475    0.47923    0.47923    0.95847    0.00000
    20    0.05791  315.33981    0.47923    0.47923    0.95847    0.00000
    21    0.06103  312.21487    0.47923    0.47923    0.95847    0.00000
    22    0.06417  309.08984    0.47923    0.47923    0.95847    0.00000
    23    0.06729  305.96481    0.47923    0.47923    0.95847    0.00000
    24    0.07043  302.83975    0.47923    0.47923    0.95847    0.00000
    25    0.07356  299.71463    0.47923    0.47923    0.95847    0.00000
    26    0.07669  296.58945    0.47923    0.47923    0.95847    0.00000
    27    0.07982  293.46423    0.47923    0.47923    0.95847    0.00000
    28    0.08295  290.33902    0.47923    0.47923    0.95847    0.00000
    29    0.08608  287.21381    0.47923    0.47923    0.95847    0.00000
    30    0.08921  284.08853    0.47923    0.47923    0.95847    0.00000
    31    0.09234  280.96326    0.47923    0.47923    0.95847    0.00000
    32    0.09547  277.83795    0.47923    0.47923    0.95847    0.00000
    33    0.09860  274.71265    0.95847    0.47923    1.43770    0.00000
    34    0.10016  273.14999    0.00000    0.00000    1.00000  273.14999
