 # I XP T DE ATW ATP BT
     1    0.00000  373.14999    4.79846    0.00000    1.00000  373.14999
     2    0.00781  371.58752    2.39923    4.79846    7.19770    0.00000
     3    0.02344  368.46259    2.39923    2.39923    4.79846    0.00000
     4    0.03907  365.33765    2.39923    2.39923    4.79846    0.00000
     5    0.05470  362.21271    2.39923    2.39923    4.79846    0.00000
     6    0.07034  359.08777    2.39923    2.39923    4.79847    0.00000
     7    0.08596  355.96286    2.39923    2.39923    4.79846    0.00000
     8    0.10159  352.83795    2.39923    2.39923    4.79846    0.00000
     9    0.11722  349.71304    2.39923    2.39923    4.79846    0.00000
    10    0.13285  346.58810    2.39923    2.39923    4.79846    0.00000
    11    0.14849  343.46317    2.39924    2.39923    4.79847    0.00000
    12    0.16411  340.33823    2.39923    2.39924    4.79847    0.00000
    13    0.17974  337.21329    2.39923    2.39923    4.79846    0.00000
    14    0.19537  334.08835    2.39923    2.39923    4.79846    0.00000
    15    0.21101  330.96338    2.39924    2.39923    4.79847    0.00000
    16    0.22663  327.83841    2.39923    2.39924    4.79847    0.00000
    17    0.24226  324.71344    2.39923    2.39923    4.79846    0.00000
    18    0.25789  321.58844    2.39923    2.39923    4.79846    0.00000
    19    0.27352  318.46344    2.39923    2.39923    4.79846    0.00000
    20    0.28916  315.33844    2.39924    2.39923    4.79847    0.00000
    21    0.30478  312.21341    2.39923    2.39924    4.79847    0.00000
    22    0.32041  309.08838    2.39924    2.39923    4.79847    0.00000
    23    0.33604  305.96335    2.39923    2.39924    4.79847    0.00000
    24    0.35167  302.83829    2.39923    2.39923    4.79846    0.00000
    25    0.36730  299.71323    2.39923    2.39923    4.79846    0.00000
    26    0.38293  296.58817    2.39923    2.39923    4.79846    0.00000
    27    0.39856  293.46310    2.39923    2.39923    4.79846    0.00000
    28    0.41420  290.33807    2.39924    2.39923    4.79847    0.00000
    29    0.42982  287.21298    2.39923    2.39924    4.79847    0.00000
    30    0.44545  284.08789    2.39924    2.39923    4.79847    0.00000
    31    0.46108  280.96277    2.39923    2.39924    4.79847    0.00000
    32    0.47671  277.83765    2.39923    2.39923    4.79846    0.00000
    33    0.49234  274.71255    4.79846    2.39923    7.19769    0.00000
    34    0.50016  273.14999    0.00000    0.00000    1.00000  273.14999
