 # I XP T DE ATW ATP BT
     1    0.00000  373.14999    0.60000    0.00000    1.00000  373.14999
     2    0.06250  366.89996    0.30000    0.60000    0.90000    0.00000
     3    0.18750  354.39996    0.30000    0.30000    0.60000    0.00000
     4    0.31250  341.89996    0.30000    0.30000    0.60000    0.00000
     5    0.43750  329.39996    0.30000    0.30000    0.60000    0.00000
     6    0.56250  316.89996    0.30000    0.30000    0.60000    0.00000
     7    0.68750  304.39993    0.30000    0.30000    0.60000    0.00000
     8    0.81250  291.89993    0.30000    0.30000    0.60000    0.00000
     9    0.93750  279.39996    0.60000    0.30000    0.90000    0.00000
    10    1.00000  273.14999    0.00000    0.00000    1.00000  273.14999
