 # I XP T DE ATW ATP BT
     1    0.00000  400.00000    0.48000    0.00000    1.00000  400.00000
     2    0.00313  386.52612    0.24000    0.48000    0.72000   -0.15820
     3    0.00938  360.23749    0.24000    0.24000    0.48000   -0.11936
     4    0.01562  334.44614    0.24000    0.24000    0.48000   -0.08867
     5    0.02188  309.02414    0.24000    0.24000    0.48000   -0.06463
     6    0.02812  283.87140    0.24000    0.24000    0.48000   -0.04602
     7    0.03438  258.91031    0.24000    0.24000    0.48000   -0.03185
     8    0.04062  234.08188    0.24000    0.24000    0.48000   -0.02128
     9    0.04688  209.34204    0.24000    0.24000    0.48000   -0.01361
    10    0.05313  184.65891    0.24000    0.24000    0.48000   -0.00824
    11    0.05938  160.01007    0.24000    0.24000    0.48000   -0.00465
    12    0.06562  135.38063    0.24000    0.24000    0.48000   -0.00238
    13    0.07188  110.76105    0.24000    0.24000    0.48000   -0.00107
    14    0.07812   86.14599    0.24000    0.24000    0.48000   -0.00039
    15    0.08438   61.53252    0.24000    0.24000    0.48000   -0.00010
    16    0.09063   36.91947    0.24000    0.24000    0.48000   -0.00001
    17    0.09687   12.30651    0.48000    0.24000    0.72000   -0.00000
    18    0.10000    0.00000    0.00000    0.00000    1.00000    0.00000
