 # I XP T DE ATW ATP BT
     1    0.00000  400.00000    0.24000    0.00000    1.00000  400.00000
     2    0.00625  373.08673    0.12000    0.24000    0.36000   -0.27464
     3    0.01875  321.54892    0.12000    0.12000    0.24000   -0.15153
     4    0.03125  271.27393    0.12000    0.12000    0.24000   -0.07676
     5    0.04375  221.63864    0.12000    0.12000    0.24000   -0.03421
     6    0.05625  172.28845    0.12000    0.12000    0.24000   -0.01249
     7    0.06875  123.04234    0.12000    0.12000    0.24000   -0.00325
     8    0.08125   73.82331    0.12000    0.12000    0.24000   -0.00042
     9    0.09375   24.60776    0.24000    0.12000    0.36000   -0.00001
    10    0.10000    0.00000    0.00000    0.00000    1.00000    0.00000
