 # I XP T DE ATW ATP BT
     1    0.00000  400.00000    1.92308    0.00000    1.00000  400.00000
     2    0.00078  396.63080    0.96154    1.92308    2.88462   -0.04378
     3    0.00234  389.93793    0.96154    0.96154    1.92308   -0.04090
     4    0.00390  383.28754    0.96154    0.96154    1.92308   -0.03818
     5    0.00546  376.67682    0.96154    0.96154    1.92308   -0.03561
     6    0.00702  370.10318    0.96154    0.96154    1.92308   -0.03319
     7    0.00858  363.56400    0.96154    0.96154    1.92308   -0.03091
     8    0.01014  357.05695    0.96154    0.96154    1.92308   -0.02875
     9    0.01170  350.57983    0.96154    0.96154    1.92308   -0.02672
    10    0.01326  344.13052    0.96154    0.96154    1.92308   -0.02481
    11    0.01482  337.70706    0.96154    0.96154    1.92308   -0.02301
    12    0.01638  331.30753    0.96154    0.96154    1.92308   -0.02131
    13    0.01794  324.93018    0.96154    0.96154    1.92308   -0.01972
    14    0.01950  318.57333    0.96154    0.96154    1.92308   -0.01822
    15    0.02106  312.23544    0.96154    0.96154    1.92308   -0.01681
    16    0.02262  305.91507    0.96154    0.96154    1.92308   -0.01549
    17    0.02418  299.61078    0.96154    0.96154    1.92308   -0.01426
    18    0.02574  293.32132    0.96154    0.96154    1.92308   -0.01310
    19    0.02730  287.04553    0.96154    0.96154    1.92308   -0.01201
    20    0.02886  280.78226    0.96154    0.96154    1.92308   -0.01100
    21    0.03042  274.53043    0.96154    0.96154    1.92308   -0.01005
    22    0.03198  268.28906    0.96154    0.96154    1.92307   -0.00917
    23    0.03354  262.05719    0.96154    0.96154    1.92308   -0.00834
    24    0.03510  255.83405    0.96154    0.96154    1.92308   -0.00758
    25    0.03666  249.61877    0.96154    0.96154    1.92307   -0.00687
    26    0.03822  243.41064    0.96154    0.96154    1.92308   -0.00621
    27    0.03978  237.20901    0.96154    0.96154    1.92308   -0.00560
    28    0.04134  231.01317    0.96154    0.96154    1.92308   -0.00504
    29    0.04290  224.82259    0.96154    0.96154    1.92308   -0.00452
    30    0.04446  218.63672    0.96154    0.96154    1.92308   -0.00404
    31    0.04602  212.45506    0.96154    0.96154    1.92308   -0.00360
    32    0.04758  206.27718    0.96154    0.96154    1.92308   -0.00320
    33    0.04914  200.10263    0.96154    0.96154    1.92308   -0.00284
    34    0.05070  193.93105    0.96154    0.96154    1.92308   -0.00250
    35    0.05226  187.76208    0.96154    0.96154    1.92308   -0.00220
    36    0.05382  181.59543    0.96154    0.96154    1.92308   -0.00192
    37    0.05538  175.43077    0.96154    0.96154    1.92308   -0.00168
    38    0.05694  169.26788    0.96154    0.96154    1.92308   -0.00145
    39    0.05850  163.10651    0.96154    0.96154    1.92308   -0.00125
    40    0.06006  156.94643    0.96154    0.96154    1.92308   -0.00107
    41    0.06162  150.78748    0.96154    0.96154    1.92308   -0.00091
    42    0.06318  144.62944    0.96154    0.96154    1.92307   -0.00077
    43    0.06474  138.47224    0.96154    0.96154    1.92307   -0.00065
    44    0.06630  132.31570    0.96154    0.96154    1.92308   -0.00054
    45    0.06786  126.15977    0.96154    0.96154    1.92308   -0.00045
    46    0.06942  120.00426    0.96154    0.96154    1.92308   -0.00037
    47    0.07098  113.84915    0.96154    0.96154    1.92308   -0.00030
    48    0.07254  107.69433    0.96154    0.96154    1.92307   -0.00024
    49    0.07410  101.53975    0.96154    0.96154    1.92307   -0.00019
    50    0.07566   95.38537    0.96154    0.96154    1.92308   -0.00015
    51    0.07722   89.23117    0.96154    0.96154    1.92308   -0.00011
    52    0.07878   83.07709    0.96154    0.96154    1.92308   -0.00008
    53    0.08034   76.92307    0.96154    0.96154    1.92307   -0.00006
    54    0.08190   70.76910    0.96154    0.96154    1.92307   -0.00004
    55    0.08346   64.61520    0.96154    0.96154    1.92308   -0.00003
    56    0.08502   58.46135    0.96154    0.96154    1.92308   -0.00002
    57    0.08658   52.30749    0.96154    0.96154    1.92308   -0.00001
    58    0.08814   46.15368    0.96154    0.96154    1.92308   -0.00001
    59    0.08970   39.99984    0.96154    0.96154    1.92307   -0.00000
    60    0.09126   33.84600    0.96154    0.96154    1.92307   -0.00000
    61    0.09282   27.69217    0.96154    0.96154    1.92308   -0.00000
    62    0.09438   21.53837    0.96154    0.96154    1.92308   -0.00000
    63    0.09594   15.38454    0.96154    0.96154    1.92308   -0.00000
    64    0.09750    9.23074    0.96154    0.96154    1.92308   -0.00000
    65    0.09906    3.07691    1.92307    0.96154    2.88461   -0.00000
    66    0.09984    0.00000    0.00000    0.00000    1.00000    0.00000
