 # I XP T DE ATW ATP BT
     1    0.00000  400.00000    0.95847    0.00000    1.00000  400.00000
     2    0.00157  393.25931    0.47923    0.95847    1.43770   -0.08489
     3    0.00470  379.95505    0.47923    0.47923    0.95847   -0.07398
     4    0.00783  366.80515    0.47923    0.47923    0.95847   -0.06425
     5    0.01096  353.78937    0.47923    0.47923    0.95847   -0.05561
     6    0.01409  340.88956    0.47923    0.47923    0.95847   -0.04793
     7    0.01722  328.08975    0.47923    0.47923    0.95847   -0.04113
     8    0.02035  315.37576    0.47923    0.47923    0.95847   -0.03511
     9    0.02348  302.73505    0.47923    0.47923    0.95847   -0.02981
    10    0.02661  290.15652    0.47923    0.47923    0.95847   -0.02516
    11    0.02974  277.63055    0.47923    0.47923    0.95847   -0.02109
    12    0.03287  265.14856    0.47923    0.47923    0.95847   -0.01754
    13    0.03599  252.70320    0.47923    0.47923    0.95847   -0.01447
    14    0.03913  240.28798    0.47923    0.47923    0.95847   -0.01183
    15    0.04225  227.89745    0.47923    0.47923    0.95847   -0.00957
    16    0.04539  215.52684    0.47923    0.47923    0.95847   -0.00766
    17    0.04851  203.17223    0.47923    0.47923    0.95847   -0.00605
    18    0.05165  190.83017    0.47923    0.47923    0.95847   -0.00471
    19    0.05477  178.49796    0.47923    0.47923    0.95847   -0.00360
    20    0.05791  166.17322    0.47923    0.47923    0.95847   -0.00271
    21    0.06103  153.85413    0.47923    0.47923    0.95847   -0.00199
    22    0.06417  141.53914    0.47923    0.47923    0.95847   -0.00142
    23    0.06729  129.22713    0.47923    0.47923    0.95847   -0.00099
    24    0.07043  116.91716    0.47923    0.47923    0.95847   -0.00066
    25    0.07356  104.60857    0.47923    0.47923    0.95847   -0.00043
    26    0.07669   92.30082    0.47923    0.47923    0.95847   -0.00026
    27    0.07982   79.99364    0.47923    0.47923    0.95847   -0.00015
    28    0.08295   67.68672    0.47923    0.47923    0.95847   -0.00007
    29    0.08608   55.37999    0.47923    0.47923    0.95847   -0.00003
    30    0.08921   43.07329    0.47923    0.47923    0.95847   -0.00001
    31    0.09234   30.76665    0.47923    0.47923    0.95847   -0.00000
    32    0.09547   18.45997    0.47923    0.47923    0.95847   -0.00000
    33    0.09860    6.15333    0.95847    0.47923    1.43770   -0.00000
    34    0.10016    0.00000    0.00000    0.00000    1.00000    0.00000
