 # I XP T DE ATW ATP BT
     1    0.00000  400.00000    1.92000    0.00000    1.00000  400.00000
     2    0.00313  387.00589    0.96000    1.92000    2.88000   -0.31798
     3    0.00938  361.34894    0.96000    0.96000    1.92000   -0.24167
     4    0.01562  335.94373    0.96000    0.96000    1.92000   -0.18055
     5    0.02188  310.72656    0.96000    0.96000    1.92000   -0.13214
     6    0.02812  285.64706    0.96000    0.96000    1.92000   -0.09437
     7    0.03438  260.66586    0.96000    0.96000    1.92000   -0.06544
     8    0.04062  235.75287    0.96000    0.96000    1.92000   -0.04379
     9    0.04688  210.88542    0.96000    0.96000    1.92000   -0.02804
    10    0.05313  186.04718    0.96000    0.96000    1.92000   -0.01698
    11    0.05938  161.22662    0.96000    0.96000    1.92000   -0.00958
    12    0.06562  136.41608    0.96000    0.96000    1.92000   -0.00491
    13    0.07188  111.61060    0.96000    0.96000    1.92000   -0.00220
    14    0.07812   86.80748    0.96000    0.96000    1.92000   -0.00080
    15    0.08438   62.00517    0.96000    0.96000    1.92000   -0.00021
    16    0.09063   37.20308    0.96000    0.96000    1.92000   -0.00003
    17    0.09687   12.40104    1.92000    0.96000    2.88000   -0.00000
    18    0.10000    0.00000    0.00000    0.00000    1.00000    0.00000
