 # I XP T DE ATW ATP BT
     1    0.00000  400.00000    7.69231    0.00000    1.00000  400.00000
     2    0.00078  396.75116    3.84615    7.69231   11.53846   -0.08767
     3    0.00234  390.27628    3.84615    3.84615    7.69231   -0.08208
     4    0.00390  383.82269    3.84615    3.84615    7.69231   -0.07679
     5    0.00546  377.38907    3.84615    3.84615    7.69231   -0.07177
     6    0.00702  370.97412    3.84615    3.84615    7.69231   -0.06701
     7    0.00858  364.57657    3.84615    3.84615    7.69231   -0.06251
     8    0.01014  358.19522    3.84615    3.84615    7.69231   -0.05824
     9    0.01170  351.82901    3.84616    3.84615    7.69231   -0.05421
    10    0.01326  345.47696    3.84615    3.84616    7.69231   -0.05040
    11    0.01482  339.13803    3.84615    3.84615    7.69230   -0.04680
    12    0.01638  332.81128    3.84616    3.84615    7.69231   -0.04341
    13    0.01794  326.49582    3.84615    3.84616    7.69231   -0.04020
    14    0.01950  320.19083    3.84615    3.84615    7.69230   -0.03719
    15    0.02106  313.89551    3.84616    3.84615    7.69231   -0.03435
    16    0.02262  307.60916    3.84616    3.84616    7.69231   -0.03168
    17    0.02418  301.33102    3.84615    3.84616    7.69230   -0.02917
    18    0.02574  295.06046    3.84616    3.84615    7.69230   -0.02682
    19    0.02730  288.79691    3.84616    3.84616    7.69231   -0.02461
    20    0.02886  282.53979    3.84615    3.84616    7.69231   -0.02255
    21    0.03042  276.28854    3.84615    3.84615    7.69230   -0.02062
    22    0.03198  270.04266    3.84615    3.84615    7.69230   -0.01881
    23    0.03354  263.80167    3.84617    3.84615    7.69231   -0.01713
    24    0.03510  257.56516    3.84615    3.84617    7.69231   -0.01557
    25    0.03666  251.33267    3.84615    3.84615    7.69230   -0.01412
    26    0.03822  245.10387    3.84617    3.84615    7.69231   -0.01277
    27    0.03978  238.87840    3.84615    3.84617    7.69231   -0.01152
    28    0.04134  232.65591    3.84616    3.84615    7.69230   -0.01037
    29    0.04290  226.43614    3.84616    3.84616    7.69231   -0.00930
    30    0.04446  220.21880    3.84615    3.84616    7.69230   -0.00832
    31    0.04602  214.00363    3.84616    3.84615    7.69230   -0.00742
    32    0.04758  207.79042    3.84616    3.84616    7.69231   -0.00660
    33    0.04914  201.57892    3.84615    3.84616    7.69230   -0.00584
    34    0.05070  195.36896    3.84616    3.84615    7.69230   -0.00515
    35    0.05226  189.16035    3.84616    3.84616    7.69231   -0.00453
    36    0.05382  182.95293    3.84615    3.84616    7.69230   -0.00396
    37    0.05538  176.74655    3.84616    3.84615    7.69230   -0.00345
    38    0.05694  170.54109    3.84616    3.84616    7.69231   -0.00299
    39    0.05850  164.33643    3.84615    3.84616    7.69230   -0.00258
    40    0.06006  158.13242    3.84617    3.84615    7.69231   -0.00221
    41    0.06162  151.92900    3.84615    3.84617    7.69231   -0.00189
    42    0.06318  145.72604    3.84615    3.84615    7.69230   -0.00160
    43    0.06474  139.52350    3.84615    3.84615    7.69230   -0.00134
    44    0.06630  133.32132    3.84617    3.84615    7.69231   -0.00112
    45    0.06786  127.11945    3.84615    3.84617    7.69231   -0.00092
    46    0.06942  120.91779    3.84617    3.84615    7.69231   -0.00076
    47    0.07098  114.71634    3.84615    3.84617    7.69231   -0.00061
    48    0.07254  108.51503    3.84615    3.84615    7.69230   -0.00049
    49    0.07410  102.31384    3.84615    3.84615    7.69230   -0.00039
    50    0.07566   96.11277    3.84617    3.84615    7.69231   -0.00030
    51    0.07722   89.91180    3.84617    3.84617    7.69233   -0.00023
    52    0.07878   83.71088    3.84615    3.84617    7.69231   -0.00017
    53    0.08034   77.50999    3.84615    3.84615    7.69230   -0.00013
    54    0.08190   71.30914    3.84615    3.84615    7.69230   -0.00009
    55    0.08346   65.10830    3.84617    3.84615    7.69231   -0.00006
    56    0.08502   58.90751    3.84615    3.84617    7.69231   -0.00004
    57    0.08658   52.70670    3.84617    3.84615    7.69231   -0.00003
    58    0.08814   46.50592    3.84615    3.84617    7.69231   -0.00002
    59    0.08970   40.30512    3.84615    3.84615    7.69230   -0.00001
    60    0.09126   34.10432    3.84615    3.84615    7.69230   -0.00000
    61    0.09282   27.90353    3.84617    3.84615    7.69231   -0.00000
    62    0.09438   21.70276    3.84615    3.84617    7.69231   -0.00000
    63    0.09594   15.50197    3.84617    3.84615    7.69231   -0.00000
    64    0.09750    9.30120    3.84615    3.84617    7.69231   -0.00000
    65    0.09906    3.10040    7.69230    3.84615   11.53844   -0.00000
    66    0.09984    0.00000    0.00000    0.00000    1.00000    0.00000
