 # I XP T DE ATW ATP BT
     1    0.00000  400.00000    3.83387    0.00000    1.00000  400.00000
     2    0.00157  393.50116    1.91693    3.83387    5.75080   -0.17020
     3    0.00470  380.59222    1.91693    1.91693    3.83387   -0.14895
     4    0.00783  367.76105    1.91693    1.91693    3.83387   -0.12985
     5    0.01096  354.99759    1.91693    1.91693    3.83387   -0.11274
     6    0.01409  342.29297    1.91693    1.91693    3.83387   -0.09745
     7    0.01722  329.63916    1.91693    1.91693    3.83387   -0.08382
     8    0.02035  317.02911    1.91693    1.91693    3.83387   -0.07171
     9    0.02348  304.45651    1.91693    1.91693    3.83387   -0.06099
    10    0.02661  291.91571    1.91693    1.91693    3.83387   -0.05155
    11    0.02974  279.40179    1.91693    1.91693    3.83386   -0.04326
    12    0.03287  266.91049    1.91694    1.91693    3.83387   -0.03603
    13    0.03599  254.43799    1.91693    1.91694    3.83387   -0.02975
    14    0.03913  241.98099    1.91694    1.91693    3.83387   -0.02434
    15    0.04225  229.53670    1.91693    1.91694    3.83387   -0.01971
    16    0.04539  217.10266    1.91694    1.91693    3.83387   -0.01577
    17    0.04851  204.67685    1.91693    1.91694    3.83387   -0.01246
    18    0.05165  192.25751    1.91694    1.91693    3.83387   -0.00970
    19    0.05477  179.84322    1.91693    1.91694    3.83387   -0.00743
    20    0.05791  167.43275    1.91694    1.91693    3.83387   -0.00558
    21    0.06103  155.02524    1.91693    1.91694    3.83387   -0.00410
    22    0.06417  142.61981    1.91694    1.91693    3.83387   -0.00294
    23    0.06729  130.21593    1.91693    1.91694    3.83387   -0.00204
    24    0.07043  117.81306    1.91694    1.91693    3.83387   -0.00137
    25    0.07356  105.41093    1.91693    1.91694    3.83387   -0.00088
    26    0.07669   93.00921    1.91694    1.91693    3.83387   -0.00053
    27    0.07982   80.60778    1.91693    1.91694    3.83387   -0.00030
    28    0.08295   68.20648    1.91694    1.91693    3.83387   -0.00015
    29    0.08608   55.80529    1.91693    1.91694    3.83387   -0.00007
    30    0.08921   43.40409    1.91694    1.91693    3.83387   -0.00003
    31    0.09234   31.00294    1.91693    1.91694    3.83387   -0.00001
    32    0.09547   18.60175    1.91694    1.91693    3.83387   -0.00000
    33    0.09860    6.20059    3.83386    1.91694    5.75080   -0.00000
    34    0.10016    0.00000    0.00000    0.00000    1.00000    0.00000
