 # I XP T DE ATW ATP BT
     1    0.00000  400.00000    0.96000    0.00000    1.00000  400.00000
     2    0.00625  374.02795    0.48000    0.96000    1.44000   -0.55484
     3    0.01875  323.23975    0.48000    0.48000    0.96000   -0.30949
     4    0.03125  273.09625    0.48000    0.48000    0.96000   -0.15769
     5    0.04375  223.28130    0.48000    0.48000    0.96000   -0.07046
     6    0.05625  173.61316    0.48000    0.48000    0.96000   -0.02576
     7    0.06875  123.99866    0.48000    0.48000    0.96000   -0.00670
     8    0.08125   74.39812    0.48000    0.48000    0.96000   -0.00087
     9    0.09375   24.79937    0.96000    0.48000    1.44000   -0.00001
    10    0.10000    0.00000    0.00000    0.00000    1.00000    0.00000
