              IB =     2
              IE =    41
           IDTYP =     2
              DI =   5.00000D-02
 
             RHO =   1.00000D+00
            COND =   1.00000D+00
              CP =   1.00000D+00
            VISC =   1.00000D-03
            EMIS =   0.00000D+00 
              T0 =   1.00000D+02
           DTIME =   1.40485D+00
           KNTTM =     2
           KNTNL =   100
            CRIT =   1.00000D-05
 
          LVLGEO =     1
          LVLCOF =     1
           HCONV =   0.00000D+00
            TINF =   0.00000D+00
 
 
  XE     
   0.000E+00  5.000E-02  1.000E-01  1.500E-01  2.000E-01  2.500E-01  3.000E-01
 I->       1          2          3          4          5          6          7
   3.500E-01  4.000E-01  4.500E-01  5.000E-01  5.500E-01  6.000E-01  6.500E-01
 I->       8          9         10         11         12         13         14
   7.000E-01  7.500E-01  8.000E-01  8.500E-01  9.000E-01  9.500E-01  1.000E+00
 I->      15         16         17         18         19         20         21
   1.050E+00  1.100E+00  1.150E+00  1.200E+00  1.250E+00  1.300E+00  1.350E+00
 I->      22         23         24         25         26         27         28
   1.400E+00  1.450E+00  1.500E+00  1.550E+00  1.600E+00  1.650E+00  1.700E+00
 I->      29         30         31         32         33         34         35
   1.750E+00  1.800E+00  1.850E+00  1.900E+00  1.950E+00  2.000E+00  0.000E+00
 I->      36         37         38         39         40         41         42
 
  YNE    
   2.500E-03  2.500E-03  2.500E-03  2.500E-03  2.500E-03  2.500E-03  2.500E-03
 I->       1          2          3          4          5          6          7
   2.500E-03  2.500E-03  2.500E-03  2.500E-03  2.500E-03  2.500E-03  2.500E-03
 I->       8          9         10         11         12         13         14
   2.500E-03  2.500E-03  2.500E-03  2.500E-03  2.500E-03  2.500E-03  2.500E-03
 I->      15         16         17         18         19         20         21
   2.500E-03  2.500E-03  2.500E-03  2.500E-03  2.500E-03  2.500E-03  2.500E-03
 I->      22         23         24         25         26         27         28
   2.500E-03  2.500E-03  2.500E-03  2.500E-03  2.500E-03  2.500E-03  2.500E-03
 I->      29         30         31         32         33         34         35
   2.500E-03  2.500E-03  2.500E-03  2.500E-03  2.500E-03  2.500E-03  0.000E+00
 I->      36         37         38         39         40         41         42
 
  ZUE    
   5.000E-01  5.000E-01  5.000E-01  5.000E-01  5.000E-01  5.000E-01  5.000E-01
 I->       1          2          3          4          5          6          7
   5.000E-01  5.000E-01  5.000E-01  5.000E-01  5.000E-01  5.000E-01  5.000E-01
 I->       8          9         10         11         12         13         14
   5.000E-01  5.000E-01  5.000E-01  5.000E-01  5.000E-01  5.000E-01  5.000E-01
 I->      15         16         17         18         19         20         21
   5.000E-01  5.000E-01  5.000E-01  5.000E-01  5.000E-01  5.000E-01  5.000E-01
 I->      22         23         24         25         26         27         28
   5.000E-01  5.000E-01  5.000E-01  5.000E-01  5.000E-01  5.000E-01  5.000E-01
 I->      29         30         31         32         33         34         35
   5.000E-01  5.000E-01  5.000E-01  5.000E-01  5.000E-01  5.000E-01  0.000E+00
 I->      36         37         38         39         40         41         42
 
  XP     
   0.000E+00  2.500E-02  7.500E-02  1.250E-01  1.750E-01  2.250E-01  2.750E-01
 I->       1          2          3          4          5          6          7
   3.250E-01  3.750E-01  4.250E-01  4.750E-01  5.250E-01  5.750E-01  6.250E-01
 I->       8          9         10         11         12         13         14
   6.750E-01  7.250E-01  7.750E-01  8.250E-01  8.750E-01  9.250E-01  9.750E-01
 I->      15         16         17         18         19         20         21
   1.025E+00  1.075E+00  1.125E+00  1.175E+00  1.225E+00  1.275E+00  1.325E+00
 I->      22         23         24         25         26         27         28
   1.375E+00  1.425E+00  1.475E+00  1.525E+00  1.575E+00  1.625E+00  1.675E+00
 I->      29         30         31         32         33         34         35
   1.725E+00  1.775E+00  1.825E+00  1.875E+00  1.925E+00  1.975E+00  2.000E+00
 I->      36         37         38         39         40         41         42
 
  DIEP   
   2.500E-02  5.000E-02  5.000E-02  5.000E-02  5.000E-02  5.000E-02  5.000E-02
 I->       1          2          3          4          5          6          7
   5.000E-02  5.000E-02  5.000E-02  5.000E-02  5.000E-02  5.000E-02  5.000E-02
 I->       8          9         10         11         12         13         14
   5.000E-02  5.000E-02  5.000E-02  5.000E-02  5.000E-02  5.000E-02  5.000E-02
 I->      15         16         17         18         19         20         21
   5.000E-02  5.000E-02  5.000E-02  5.000E-02  5.000E-02  5.000E-02  5.000E-02
 I->      22         23         24         25         26         27         28
   5.000E-02  5.000E-02  5.000E-02  5.000E-02  5.000E-02  5.000E-02  5.000E-02
 I->      29         30         31         32         33         34         35
   5.000E-02  5.000E-02  5.000E-02  5.000E-02  5.000E-02  2.500E-02
 I->      36         37         38         39         40         41
 
  DISE   
   0.000E+00  2.500E-02  2.500E-02  2.500E-02  2.500E-02  2.500E-02  2.500E-02
 I->       1          2          3          4          5          6          7
   2.500E-02  2.500E-02  2.500E-02  2.500E-02  2.500E-02  2.500E-02  2.500E-02
 I->       8          9         10         11         12         13         14
   2.500E-02  2.500E-02  2.500E-02  2.500E-02  2.500E-02  2.500E-02  2.500E-02
 I->      15         16         17         18         19         20         21
   2.500E-02  2.500E-02  2.500E-02  2.500E-02  2.500E-02  2.500E-02  2.500E-02
 I->      22         23         24         25         26         27         28
   2.500E-02  2.500E-02  2.500E-02  2.500E-02  2.500E-02  2.500E-02  2.500E-02
 I->      29         30         31         32         33         34         35
   2.500E-02  2.500E-02  2.500E-02  2.500E-02  2.500E-02  2.500E-02
 I->      36         37         38         39         40         41
 
  AREP   
   5.000E-03  5.000E-03  5.000E-03  5.000E-03  5.000E-03  5.000E-03  5.000E-03
 I->       1          2          3          4          5          6          7
   5.000E-03  5.000E-03  5.000E-03  5.000E-03  5.000E-03  5.000E-03  5.000E-03
 I->       8          9         10         11         12         13         14
   5.000E-03  5.000E-03  5.000E-03  5.000E-03  5.000E-03  5.000E-03  5.000E-03
 I->      15         16         17         18         19         20         21
   5.000E-03  5.000E-03  5.000E-03  5.000E-03  5.000E-03  5.000E-03  5.000E-03
 I->      22         23         24         25         26         27         28
   5.000E-03  5.000E-03  5.000E-03  5.000E-03  5.000E-03  5.000E-03  5.000E-03
 I->      29         30         31         32         33         34         35
   5.000E-03  5.000E-03  5.000E-03  5.000E-03  5.000E-03  5.000E-03  0.000E+00
 I->      36         37         38         39         40         41         42
 
  ARO    
   1.000E-01  1.000E-01  1.000E-01  1.000E-01  1.000E-01  1.000E-01  1.000E-01
 I->       2          3          4          5          6          7          8
   1.000E-01  1.000E-01  1.000E-01  1.000E-01  1.000E-01  1.000E-01  1.000E-01
 I->       9         10         11         12         13         14         15
   1.000E-01  1.000E-01  1.000E-01  1.000E-01  1.000E-01  1.000E-01  1.000E-01
 I->      16         17         18         19         20         21         22
   1.000E-01  1.000E-01  1.000E-01  1.000E-01  1.000E-01  1.000E-01  1.000E-01
 I->      23         24         25         26         27         28         29
   1.000E-01  1.000E-01  1.000E-01  1.000E-01  1.000E-01  1.000E-01  1.000E-01
 I->      30         31         32         33         34         35         36
   1.000E-01  1.000E-01  1.000E-01  1.000E-01  1.000E-01
 I->      37         38         39         40         41
 
  VOLP   
   0.000E+00  2.500E-04  2.500E-04  2.500E-04  2.500E-04  2.500E-04  2.500E-04
 I->       1          2          3          4          5          6          7
   2.500E-04  2.500E-04  2.500E-04  2.500E-04  2.500E-04  2.500E-04  2.500E-04
 I->       8          9         10         11         12         13         14
   2.500E-04  2.500E-04  2.500E-04  2.500E-04  2.500E-04  2.500E-04  2.500E-04
 I->      15         16         17         18         19         20         21
   2.500E-04  2.500E-04  2.500E-04  2.500E-04  2.500E-04  2.500E-04  2.500E-04
 I->      22         23         24         25         26         27         28
   2.500E-04  2.500E-04  2.500E-04  2.500E-04  2.500E-04  2.500E-04  2.500E-04
 I->      29         30         31         32         33         34         35
   2.500E-04  2.500E-04  2.500E-04  2.500E-04  2.500E-04  2.500E-04  0.000E+00
 I->      36         37         38         39         40         41         42
 
 T(init) 
   5.218E+01  5.347E+01  5.598E+01  5.839E+01  6.068E+01  6.287E+01  6.494E+01
 I->       1          2          3          4          5          6          7
   6.689E+01  6.871E+01  7.041E+01  7.198E+01  7.341E+01  7.471E+01  7.587E+01
 I->       8          9         10         11         12         13         14
   7.690E+01  7.777E+01  7.851E+01  7.910E+01  7.954E+01  7.984E+01  7.998E+01
 I->      15         16         17         18         19         20         21
   7.998E+01  7.984E+01  7.954E+01  7.910E+01  7.851E+01  7.777E+01  7.690E+01
 I->      22         23         24         25         26         27         28
   7.587E+01  7.471E+01  7.341E+01  7.198E+01  7.041E+01  6.871E+01  6.689E+01
 I->      29         30         31         32         33         34         35
   6.494E+01  6.287E+01  6.068E+01  5.839E+01  5.598E+01  5.347E+01  5.218E+01
 I->      36         37         38         39         40         41         42
 
  DE     
   2.000E-01  1.000E-01  1.000E-01  1.000E-01  1.000E-01  1.000E-01  1.000E-01
 I->       1          2          3          4          5          6          7
   1.000E-01  1.000E-01  1.000E-01  1.000E-01  1.000E-01  1.000E-01  1.000E-01
 I->       8          9         10         11         12         13         14
   1.000E-01  1.000E-01  1.000E-01  1.000E-01  1.000E-01  1.000E-01  1.000E-01
 I->      15         16         17         18         19         20         21
   1.000E-01  1.000E-01  1.000E-01  1.000E-01  1.000E-01  1.000E-01  1.000E-01
 I->      22         23         24         25         26         27         28
   1.000E-01  1.000E-01  1.000E-01  1.000E-01  1.000E-01  1.000E-01  1.000E-01
 I->      29         30         31         32         33         34         35
   1.000E-01  1.000E-01  1.000E-01  1.000E-01  1.000E-01  2.000E-01
 I->      36         37         38         39         40         41
 
  ATW    
   0.000E+00  2.000E-01  1.000E-01  1.000E-01  1.000E-01  1.000E-01  1.000E-01
 I->       1          2          3          4          5          6          7
   1.000E-01  1.000E-01  1.000E-01  1.000E-01  1.000E-01  1.000E-01  1.000E-01
 I->       8          9         10         11         12         13         14
   1.000E-01  1.000E-01  1.000E-01  1.000E-01  1.000E-01  1.000E-01  1.000E-01
 I->      15         16         17         18         19         20         21
   1.000E-01  1.000E-01  1.000E-01  1.000E-01  1.000E-01  1.000E-01  1.000E-01
 I->      22         23         24         25         26         27         28
   1.000E-01  1.000E-01  1.000E-01  1.000E-01  1.000E-01  1.000E-01  1.000E-01
 I->      29         30         31         32         33         34         35
   1.000E-01  1.000E-01  1.000E-01  1.000E-01  1.000E-01  1.000E-01  0.000E+00
 I->      36         37         38         39         40         41         42
 
  ATP    
   2.050E-01  3.002E-01  2.002E-01  2.002E-01  2.002E-01  2.002E-01  2.002E-01
 I->       1          2          3          4          5          6          7
   2.002E-01  2.002E-01  2.002E-01  2.002E-01  2.002E-01  2.002E-01  2.002E-01
 I->       8          9         10         11         12         13         14
   2.002E-01  2.002E-01  2.002E-01  2.002E-01  2.002E-01  2.002E-01  2.002E-01
 I->      15         16         17         18         19         20         21
   2.002E-01  2.002E-01  2.002E-01  2.002E-01  2.002E-01  2.002E-01  2.002E-01
 I->      22         23         24         25         26         27         28
   2.002E-01  2.002E-01  2.002E-01  2.002E-01  2.002E-01  2.002E-01  2.002E-01
 I->      29         30         31         32         33         34         35
   2.002E-01  2.002E-01  2.002E-01  2.002E-01  2.002E-01  3.002E-01  2.050E-01
 I->      36         37         38         39         40         41         42
 
  ATE    
   2.000E-01  1.000E-01  1.000E-01  1.000E-01  1.000E-01  1.000E-01  1.000E-01
 I->       1          2          3          4          5          6          7
   1.000E-01  1.000E-01  1.000E-01  1.000E-01  1.000E-01  1.000E-01  1.000E-01
 I->       8          9         10         11         12         13         14
   1.000E-01  1.000E-01  1.000E-01  1.000E-01  1.000E-01  1.000E-01  1.000E-01
 I->      15         16         17         18         19         20         21
   1.000E-01  1.000E-01  1.000E-01  1.000E-01  1.000E-01  1.000E-01  1.000E-01
 I->      22         23         24         25         26         27         28
   1.000E-01  1.000E-01  1.000E-01  1.000E-01  1.000E-01  1.000E-01  1.000E-01
 I->      29         30         31         32         33         34         35
   1.000E-01  1.000E-01  1.000E-01  1.000E-01  1.000E-01  2.000E-01  2.000E-01
 I->      36         37         38         39         40         41         42
 
  BT     
   0.000E+00  9.515E-03  9.962E-03  1.039E-02  1.080E-02  1.119E-02  1.156E-02
 I->       1          2          3          4          5          6          7
   1.190E-02  1.223E-02  1.253E-02  1.281E-02  1.306E-02  1.330E-02  1.350E-02
 I->       8          9         10         11         12         13         14
   1.368E-02  1.384E-02  1.397E-02  1.408E-02  1.415E-02  1.421E-02  1.423E-02
 I->      15         16         17         18         19         20         21
   1.423E-02  1.421E-02  1.415E-02  1.408E-02  1.397E-02  1.384E-02  1.368E-02
 I->      22         23         24         25         26         27         28
   1.350E-02  1.330E-02  1.306E-02  1.281E-02  1.253E-02  1.223E-02  1.190E-02
 I->      29         30         31         32         33         34         35
   1.156E-02  1.119E-02  1.080E-02  1.039E-02  9.962E-03  9.515E-03  0.000E+00
 I->      36         37         38         39         40         41         42
 
  T      
   2.123E+01  2.177E+01  2.277E+01  2.372E+01  2.460E+01  2.542E+01  2.618E+01
 I->       1          2          3          4          5          6          7
   2.686E+01  2.747E+01  2.801E+01  2.848E+01  2.887E+01  2.917E+01  2.940E+01
 I->       8          9         10         11         12         13         14
   2.954E+01  2.960E+01  2.958E+01  2.947E+01  2.926E+01  2.897E+01  2.859E+01
 I->      15         16         17         18         19         20         21
   2.812E+01  2.755E+01  2.690E+01  2.614E+01  2.530E+01  2.436E+01  2.332E+01
 I->      22         23         24         25         26         27         28
   2.219E+01  2.096E+01  1.964E+01  1.822E+01  1.671E+01  1.510E+01  1.340E+01
 I->      29         30         31         32         33         34         35
   1.160E+01  9.703E+00  7.714E+00  5.630E+00  3.453E+00  1.182E+00  0.000E+00
 I->      36         37         38         39         40         41         42
 
  DE     
   2.000E-01  1.000E-01  1.000E-01  1.000E-01  1.000E-01  1.000E-01  1.000E-01
 I->       1          2          3          4          5          6          7
   1.000E-01  1.000E-01  1.000E-01  1.000E-01  1.000E-01  1.000E-01  1.000E-01
 I->       8          9         10         11         12         13         14
   1.000E-01  1.000E-01  1.000E-01  1.000E-01  1.000E-01  1.000E-01  1.000E-01
 I->      15         16         17         18         19         20         21
   1.000E-01  1.000E-01  1.000E-01  1.000E-01  1.000E-01  1.000E-01  1.000E-01
 I->      22         23         24         25         26         27         28
   1.000E-01  1.000E-01  1.000E-01  1.000E-01  1.000E-01  1.000E-01  1.000E-01
 I->      29         30         31         32         33         34         35
   1.000E-01  1.000E-01  1.000E-01  1.000E-01  1.000E-01  2.000E-01
 I->      36         37         38         39         40         41
 
  ATW    
   0.000E+00  2.000E-01  1.000E-01  1.000E-01  1.000E-01  1.000E-01  1.000E-01
 I->       1          2          3          4          5          6          7
   1.000E-01  1.000E-01  1.000E-01  1.000E-01  1.000E-01  1.000E-01  1.000E-01
 I->       8          9         10         11         12         13         14
   1.000E-01  1.000E-01  1.000E-01  1.000E-01  1.000E-01  1.000E-01  1.000E-01
 I->      15         16         17         18         19         20         21
   1.000E-01  1.000E-01  1.000E-01  1.000E-01  1.000E-01  1.000E-01  1.000E-01
 I->      22         23         24         25         26         27         28
   1.000E-01  1.000E-01  1.000E-01  1.000E-01  1.000E-01  1.000E-01  1.000E-01
 I->      29         30         31         32         33         34         35
   1.000E-01  1.000E-01  1.000E-01  1.000E-01  1.000E-01  1.000E-01  0.000E+00
 I->      36         37         38         39         40         41         42
 
  ATP    
   2.050E-01  3.002E-01  2.002E-01  2.002E-01  2.002E-01  2.002E-01  2.002E-01
 I->       1          2          3          4          5          6          7
   2.002E-01  2.002E-01  2.002E-01  2.002E-01  2.002E-01  2.002E-01  2.002E-01
 I->       8          9         10         11         12         13         14
   2.002E-01  2.002E-01  2.002E-01  2.002E-01  2.002E-01  2.002E-01  2.002E-01
 I->      15         16         17         18         19         20         21
   2.002E-01  2.002E-01  2.002E-01  2.002E-01  2.002E-01  2.002E-01  2.002E-01
 I->      22         23         24         25         26         27         28
   2.002E-01  2.002E-01  2.002E-01  2.002E-01  2.002E-01  2.002E-01  2.002E-01
 I->      29         30         31         32         33         34         35
   2.002E-01  2.002E-01  2.002E-01  2.002E-01  2.002E-01  3.002E-01  2.050E-01
 I->      36         37         38         39         40         41         42
 
  ATE    
   2.000E-01  1.000E-01  1.000E-01  1.000E-01  1.000E-01  1.000E-01  1.000E-01
 I->       1          2          3          4          5          6          7
   1.000E-01  1.000E-01  1.000E-01  1.000E-01  1.000E-01  1.000E-01  1.000E-01
 I->       8          9         10         11         12         13         14
   1.000E-01  1.000E-01  1.000E-01  1.000E-01  1.000E-01  1.000E-01  1.000E-01
 I->      15         16         17         18         19         20         21
   1.000E-01  1.000E-01  1.000E-01  1.000E-01  1.000E-01  1.000E-01  1.000E-01
 I->      22         23         24         25         26         27         28
   1.000E-01  1.000E-01  1.000E-01  1.000E-01  1.000E-01  1.000E-01  1.000E-01
 I->      29         30         31         32         33         34         35
   1.000E-01  1.000E-01  1.000E-01  1.000E-01  1.000E-01  2.000E-01  2.000E-01
 I->      36         37         38         39         40         41         42
 
  BT     
   0.000E+00  9.515E-03  9.962E-03  1.039E-02  1.080E-02  1.119E-02  1.156E-02
 I->       1          2          3          4          5          6          7
   1.190E-02  1.223E-02  1.253E-02  1.281E-02  1.306E-02  1.330E-02  1.350E-02
 I->       8          9         10         11         12         13         14
   1.368E-02  1.384E-02  1.397E-02  1.408E-02  1.415E-02  1.421E-02  1.423E-02
 I->      15         16         17         18         19         20         21
   1.423E-02  1.421E-02  1.415E-02  1.408E-02  1.397E-02  1.384E-02  1.368E-02
 I->      22         23         24         25         26         27         28
   1.350E-02  1.330E-02  1.306E-02  1.281E-02  1.253E-02  1.223E-02  1.190E-02
 I->      29         30         31         32         33         34         35
   1.156E-02  1.119E-02  1.080E-02  1.039E-02  9.962E-03  9.515E-03  0.000E+00
 I->      36         37         38         39         40         41         42
 
  DE     
   2.000E-01  1.000E-01  1.000E-01  1.000E-01  1.000E-01  1.000E-01  1.000E-01
 I->       1          2          3          4          5          6          7
   1.000E-01  1.000E-01  1.000E-01  1.000E-01  1.000E-01  1.000E-01  1.000E-01
 I->       8          9         10         11         12         13         14
   1.000E-01  1.000E-01  1.000E-01  1.000E-01  1.000E-01  1.000E-01  1.000E-01
 I->      15         16         17         18         19         20         21
   1.000E-01  1.000E-01  1.000E-01  1.000E-01  1.000E-01  1.000E-01  1.000E-01
 I->      22         23         24         25         26         27         28
   1.000E-01  1.000E-01  1.000E-01  1.000E-01  1.000E-01  1.000E-01  1.000E-01
 I->      29         30         31         32         33         34         35
   1.000E-01  1.000E-01  1.000E-01  1.000E-01  1.000E-01  2.000E-01
 I->      36         37         38         39         40         41
 
  ATW    
   0.000E+00  2.000E-01  1.000E-01  1.000E-01  1.000E-01  1.000E-01  1.000E-01
 I->       1          2          3          4          5          6          7
   1.000E-01  1.000E-01  1.000E-01  1.000E-01  1.000E-01  1.000E-01  1.000E-01
 I->       8          9         10         11         12         13         14
   1.000E-01  1.000E-01  1.000E-01  1.000E-01  1.000E-01  1.000E-01  1.000E-01
 I->      15         16         17         18         19         20         21
   1.000E-01  1.000E-01  1.000E-01  1.000E-01  1.000E-01  1.000E-01  1.000E-01
 I->      22         23         24         25         26         27         28
   1.000E-01  1.000E-01  1.000E-01  1.000E-01  1.000E-01  1.000E-01  1.000E-01
 I->      29         30         31         32         33         34         35
   1.000E-01  1.000E-01  1.000E-01  1.000E-01  1.000E-01  1.000E-01  0.000E+00
 I->      36         37         38         39         40         41         42
 
  ATP    
   2.050E-01  3.002E-01  2.002E-01  2.002E-01  2.002E-01  2.002E-01  2.002E-01
 I->       1          2          3          4          5          6          7
   2.002E-01  2.002E-01  2.002E-01  2.002E-01  2.002E-01  2.002E-01  2.002E-01
 I->       8          9         10         11         12         13         14
   2.002E-01  2.002E-01  2.002E-01  2.002E-01  2.002E-01  2.002E-01  2.002E-01
 I->      15         16         17         18         19         20         21
   2.002E-01  2.002E-01  2.002E-01  2.002E-01  2.002E-01  2.002E-01  2.002E-01
 I->      22         23         24         25         26         27         28
   2.002E-01  2.002E-01  2.002E-01  2.002E-01  2.002E-01  2.002E-01  2.002E-01
 I->      29         30         31         32         33         34         35
   2.002E-01  2.002E-01  2.002E-01  2.002E-01  2.002E-01  3.002E-01  2.050E-01
 I->      36         37         38         39         40         41         42
 
  ATE    
   2.000E-01  1.000E-01  1.000E-01  1.000E-01  1.000E-01  1.000E-01  1.000E-01
 I->       1          2          3          4          5          6          7
   1.000E-01  1.000E-01  1.000E-01  1.000E-01  1.000E-01  1.000E-01  1.000E-01
 I->       8          9         10         11         12         13         14
   1.000E-01  1.000E-01  1.000E-01  1.000E-01  1.000E-01  1.000E-01  1.000E-01
 I->      15         16         17         18         19         20         21
   1.000E-01  1.000E-01  1.000E-01  1.000E-01  1.000E-01  1.000E-01  1.000E-01
 I->      22         23         24         25         26         27         28
   1.000E-01  1.000E-01  1.000E-01  1.000E-01  1.000E-01  1.000E-01  1.000E-01
 I->      29         30         31         32         33         34         35
   1.000E-01  1.000E-01  1.000E-01  1.000E-01  1.000E-01  2.000E-01  2.000E-01
 I->      36         37         38         39         40         41         42
 
  BT     
   0.000E+00  3.873E-03  4.052E-03  4.221E-03  4.378E-03  4.524E-03  4.658E-03
 I->       1          2          3          4          5          6          7
   4.780E-03  4.889E-03  4.985E-03  5.068E-03  5.137E-03  5.191E-03  5.232E-03
 I->       8          9         10         11         12         13         14
   5.257E-03  5.268E-03  5.264E-03  5.243E-03  5.208E-03  5.156E-03  5.088E-03
 I->      15         16         17         18         19         20         21
   5.004E-03  4.903E-03  4.786E-03  4.653E-03  4.502E-03  4.335E-03  4.150E-03
 I->      22         23         24         25         26         27         28
   3.949E-03  3.731E-03  3.495E-03  3.243E-03  2.974E-03  2.687E-03  2.384E-03
 I->      29         30         31         32         33         34         35
   2.064E-03  1.727E-03  1.373E-03  1.002E-03  6.145E-04  2.103E-04  0.000E+00
 I->      36         37         38         39         40         41         42
 
  T      
   7.867E+00  8.064E+00  8.432E+00  8.776E+00  9.093E+00  9.382E+00  9.643E+00
 I->       1          2          3          4          5          6          7
   9.874E+00  1.008E+01  1.025E+01  1.038E+01  1.049E+01  1.056E+01  1.060E+01
 I->       8          9         10         11         12         13         14
   1.061E+01  1.058E+01  1.052E+01  1.043E+01  1.030E+01  1.014E+01  9.943E+00
 I->      15         16         17         18         19         20         21
   9.715E+00  9.453E+00  9.159E+00  8.834E+00  8.478E+00  8.092E+00  7.677E+00
 I->      22         23         24         25         26         27         28
   7.234E+00  6.765E+00  6.270E+00  5.752E+00  5.211E+00  4.650E+00  4.070E+00
 I->      29         30         31         32         33         34         35
   3.474E+00  2.863E+00  2.240E+00  1.607E+00  9.672E-01  3.229E-01  0.000E+00
 I->      36         37         38         39         40         41         42
 
  DE     
   2.000E-01  1.000E-01  1.000E-01  1.000E-01  1.000E-01  1.000E-01  1.000E-01
 I->       1          2          3          4          5          6          7
   1.000E-01  1.000E-01  1.000E-01  1.000E-01  1.000E-01  1.000E-01  1.000E-01
 I->       8          9         10         11         12         13         14
   1.000E-01  1.000E-01  1.000E-01  1.000E-01  1.000E-01  1.000E-01  1.000E-01
 I->      15         16         17         18         19         20         21
   1.000E-01  1.000E-01  1.000E-01  1.000E-01  1.000E-01  1.000E-01  1.000E-01
 I->      22         23         24         25         26         27         28
   1.000E-01  1.000E-01  1.000E-01  1.000E-01  1.000E-01  1.000E-01  1.000E-01
 I->      29         30         31         32         33         34         35
   1.000E-01  1.000E-01  1.000E-01  1.000E-01  1.000E-01  2.000E-01
 I->      36         37         38         39         40         41
 
  ATW    
   0.000E+00  2.000E-01  1.000E-01  1.000E-01  1.000E-01  1.000E-01  1.000E-01
 I->       1          2          3          4          5          6          7
   1.000E-01  1.000E-01  1.000E-01  1.000E-01  1.000E-01  1.000E-01  1.000E-01
 I->       8          9         10         11         12         13         14
   1.000E-01  1.000E-01  1.000E-01  1.000E-01  1.000E-01  1.000E-01  1.000E-01
 I->      15         16         17         18         19         20         21
   1.000E-01  1.000E-01  1.000E-01  1.000E-01  1.000E-01  1.000E-01  1.000E-01
 I->      22         23         24         25         26         27         28
   1.000E-01  1.000E-01  1.000E-01  1.000E-01  1.000E-01  1.000E-01  1.000E-01
 I->      29         30         31         32         33         34         35
   1.000E-01  1.000E-01  1.000E-01  1.000E-01  1.000E-01  1.000E-01  0.000E+00
 I->      36         37         38         39         40         41         42
 
  ATP    
   2.050E-01  3.002E-01  2.002E-01  2.002E-01  2.002E-01  2.002E-01  2.002E-01
 I->       1          2          3          4          5          6          7
   2.002E-01  2.002E-01  2.002E-01  2.002E-01  2.002E-01  2.002E-01  2.002E-01
 I->       8          9         10         11         12         13         14
   2.002E-01  2.002E-01  2.002E-01  2.002E-01  2.002E-01  2.002E-01  2.002E-01
 I->      15         16         17         18         19         20         21
   2.002E-01  2.002E-01  2.002E-01  2.002E-01  2.002E-01  2.002E-01  2.002E-01
 I->      22         23         24         25         26         27         28
   2.002E-01  2.002E-01  2.002E-01  2.002E-01  2.002E-01  2.002E-01  2.002E-01
 I->      29         30         31         32         33         34         35
   2.002E-01  2.002E-01  2.002E-01  2.002E-01  2.002E-01  3.002E-01  2.050E-01
 I->      36         37         38         39         40         41         42
 
  ATE    
   2.000E-01  1.000E-01  1.000E-01  1.000E-01  1.000E-01  1.000E-01  1.000E-01
 I->       1          2          3          4          5          6          7
   1.000E-01  1.000E-01  1.000E-01  1.000E-01  1.000E-01  1.000E-01  1.000E-01
 I->       8          9         10         11         12         13         14
   1.000E-01  1.000E-01  1.000E-01  1.000E-01  1.000E-01  1.000E-01  1.000E-01
 I->      15         16         17         18         19         20         21
   1.000E-01  1.000E-01  1.000E-01  1.000E-01  1.000E-01  1.000E-01  1.000E-01
 I->      22         23         24         25         26         27         28
   1.000E-01  1.000E-01  1.000E-01  1.000E-01  1.000E-01  1.000E-01  1.000E-01
 I->      29         30         31         32         33         34         35
   1.000E-01  1.000E-01  1.000E-01  1.000E-01  1.000E-01  2.000E-01  2.000E-01
 I->      36         37         38         39         40         41         42
 
  BT     
   0.000E+00  3.873E-03  4.052E-03  4.221E-03  4.378E-03  4.524E-03  4.658E-03
 I->       1          2          3          4          5          6          7
   4.780E-03  4.889E-03  4.985E-03  5.068E-03  5.137E-03  5.191E-03  5.232E-03
 I->       8          9         10         11         12         13         14
   5.257E-03  5.268E-03  5.264E-03  5.243E-03  5.208E-03  5.156E-03  5.088E-03
 I->      15         16         17         18         19         20         21
   5.004E-03  4.903E-03  4.786E-03  4.653E-03  4.502E-03  4.335E-03  4.150E-03
 I->      22         23         24         25         26         27         28
   3.949E-03  3.731E-03  3.495E-03  3.243E-03  2.974E-03  2.687E-03  2.384E-03
 I->      29         30         31         32         33         34         35
   2.064E-03  1.727E-03  1.373E-03  1.002E-03  6.145E-04  2.103E-04  0.000E+00
 I->      36         37         38         39         40         41         42
 
  DE     
   2.000E-01  1.000E-01  1.000E-01  1.000E-01  1.000E-01  1.000E-01  1.000E-01
 I->       1          2          3          4          5          6          7
   1.000E-01  1.000E-01  1.000E-01  1.000E-01  1.000E-01  1.000E-01  1.000E-01
 I->       8          9         10         11         12         13         14
   1.000E-01  1.000E-01  1.000E-01  1.000E-01  1.000E-01  1.000E-01  1.000E-01
 I->      15         16         17         18         19         20         21
   1.000E-01  1.000E-01  1.000E-01  1.000E-01  1.000E-01  1.000E-01  1.000E-01
 I->      22         23         24         25         26         27         28
   1.000E-01  1.000E-01  1.000E-01  1.000E-01  1.000E-01  1.000E-01  1.000E-01
 I->      29         30         31         32         33         34         35
   1.000E-01  1.000E-01  1.000E-01  1.000E-01  1.000E-01  2.000E-01
 I->      36         37         38         39         40         41
 
  ATW    
   0.000E+00  2.000E-01  1.000E-01  1.000E-01  1.000E-01  1.000E-01  1.000E-01
 I->       1          2          3          4          5          6          7
   1.000E-01  1.000E-01  1.000E-01  1.000E-01  1.000E-01  1.000E-01  1.000E-01
 I->       8          9         10         11         12         13         14
   1.000E-01  1.000E-01  1.000E-01  1.000E-01  1.000E-01  1.000E-01  1.000E-01
 I->      15         16         17         18         19         20         21
   1.000E-01  1.000E-01  1.000E-01  1.000E-01  1.000E-01  1.000E-01  1.000E-01
 I->      22         23         24         25         26         27         28
   1.000E-01  1.000E-01  1.000E-01  1.000E-01  1.000E-01  1.000E-01  1.000E-01
 I->      29         30         31         32         33         34         35
   1.000E-01  1.000E-01  1.000E-01  1.000E-01  1.000E-01  1.000E-01  0.000E+00
 I->      36         37         38         39         40         41         42
 
  ATP    
   2.050E-01  3.002E-01  2.002E-01  2.002E-01  2.002E-01  2.002E-01  2.002E-01
 I->       1          2          3          4          5          6          7
   2.002E-01  2.002E-01  2.002E-01  2.002E-01  2.002E-01  2.002E-01  2.002E-01
 I->       8          9         10         11         12         13         14
   2.002E-01  2.002E-01  2.002E-01  2.002E-01  2.002E-01  2.002E-01  2.002E-01
 I->      15         16         17         18         19         20         21
   2.002E-01  2.002E-01  2.002E-01  2.002E-01  2.002E-01  2.002E-01  2.002E-01
 I->      22         23         24         25         26         27         28
   2.002E-01  2.002E-01  2.002E-01  2.002E-01  2.002E-01  2.002E-01  2.002E-01
 I->      29         30         31         32         33         34         35
   2.002E-01  2.002E-01  2.002E-01  2.002E-01  2.002E-01  3.002E-01  2.050E-01
 I->      36         37         38         39         40         41         42
 
  ATE    
   2.000E-01  1.000E-01  1.000E-01  1.000E-01  1.000E-01  1.000E-01  1.000E-01
 I->       1          2          3          4          5          6          7
   1.000E-01  1.000E-01  1.000E-01  1.000E-01  1.000E-01  1.000E-01  1.000E-01
 I->       8          9         10         11         12         13         14
   1.000E-01  1.000E-01  1.000E-01  1.000E-01  1.000E-01  1.000E-01  1.000E-01
 I->      15         16         17         18         19         20         21
   1.000E-01  1.000E-01  1.000E-01  1.000E-01  1.000E-01  1.000E-01  1.000E-01
 I->      22         23         24         25         26         27         28
   1.000E-01  1.000E-01  1.000E-01  1.000E-01  1.000E-01  1.000E-01  1.000E-01
 I->      29         30         31         32         33         34         35
   1.000E-01  1.000E-01  1.000E-01  1.000E-01  1.000E-01  2.000E-01  2.000E-01
 I->      36         37         38         39         40         41         42
 
  BT     
   0.000E+00  1.435E-03  1.501E-03  1.562E-03  1.618E-03  1.670E-03  1.716E-03
 I->       1          2          3          4          5          6          7
   1.757E-03  1.793E-03  1.823E-03  1.848E-03  1.867E-03  1.880E-03  1.887E-03
 I->       8          9         10         11         12         13         14
   1.888E-03  1.884E-03  1.873E-03  1.856E-03  1.833E-03  1.804E-03  1.769E-03
 I->      15         16         17         18         19         20         21
   1.729E-03  1.682E-03  1.630E-03  1.572E-03  1.509E-03  1.440E-03  1.366E-03
 I->      22         23         24         25         26         27         28
   1.287E-03  1.204E-03  1.116E-03  1.024E-03  9.273E-04  8.275E-04  7.243E-04
 I->      29         30         31         32         33         34         35
   6.182E-04  5.095E-04  3.986E-04  2.860E-04  1.721E-04  5.747E-05  0.000E+00
 I->      36         37         38         39         40         41         42
 
  T      
   2.815E+00  2.886E+00  3.017E+00  3.139E+00  3.251E+00  3.352E+00  3.443E+00
 I->       1          2          3          4          5          6          7
   3.523E+00  3.591E+00  3.648E+00  3.693E+00  3.727E+00  3.748E+00  3.757E+00
 I->       8          9         10         11         12         13         14
   3.754E+00  3.738E+00  3.711E+00  3.671E+00  3.620E+00  3.556E+00  3.481E+00
 I->      15         16         17         18         19         20         21
   3.394E+00  3.296E+00  3.187E+00  3.068E+00  2.938E+00  2.798E+00  2.649E+00
 I->      22         23         24         25         26         27         28
   2.491E+00  2.324E+00  2.150E+00  1.968E+00  1.780E+00  1.585E+00  1.385E+00
 I->      29         30         31         32         33         34         35
   1.180E+00  9.711E-01  7.588E-01  5.439E-01  3.271E-01  1.092E-01  0.000E+00
 I->      36         37         38         39         40         41         42
 
  DE     
   2.000E-01  1.000E-01  1.000E-01  1.000E-01  1.000E-01  1.000E-01  1.000E-01
 I->       1          2          3          4          5          6          7
   1.000E-01  1.000E-01  1.000E-01  1.000E-01  1.000E-01  1.000E-01  1.000E-01
 I->       8          9         10         11         12         13         14
   1.000E-01  1.000E-01  1.000E-01  1.000E-01  1.000E-01  1.000E-01  1.000E-01
 I->      15         16         17         18         19         20         21
   1.000E-01  1.000E-01  1.000E-01  1.000E-01  1.000E-01  1.000E-01  1.000E-01
 I->      22         23         24         25         26         27         28
   1.000E-01  1.000E-01  1.000E-01  1.000E-01  1.000E-01  1.000E-01  1.000E-01
 I->      29         30         31         32         33         34         35
   1.000E-01  1.000E-01  1.000E-01  1.000E-01  1.000E-01  2.000E-01
 I->      36         37         38         39         40         41
 
  ATW    
   0.000E+00  2.000E-01  1.000E-01  1.000E-01  1.000E-01  1.000E-01  1.000E-01
 I->       1          2          3          4          5          6          7
   1.000E-01  1.000E-01  1.000E-01  1.000E-01  1.000E-01  1.000E-01  1.000E-01
 I->       8          9         10         11         12         13         14
   1.000E-01  1.000E-01  1.000E-01  1.000E-01  1.000E-01  1.000E-01  1.000E-01
 I->      15         16         17         18         19         20         21
   1.000E-01  1.000E-01  1.000E-01  1.000E-01  1.000E-01  1.000E-01  1.000E-01
 I->      22         23         24         25         26         27         28
   1.000E-01  1.000E-01  1.000E-01  1.000E-01  1.000E-01  1.000E-01  1.000E-01
 I->      29         30         31         32         33         34         35
   1.000E-01  1.000E-01  1.000E-01  1.000E-01  1.000E-01  1.000E-01  0.000E+00
 I->      36         37         38         39         40         41         42
 
  ATP    
   2.050E-01  3.002E-01  2.002E-01  2.002E-01  2.002E-01  2.002E-01  2.002E-01
 I->       1          2          3          4          5          6          7
   2.002E-01  2.002E-01  2.002E-01  2.002E-01  2.002E-01  2.002E-01  2.002E-01
 I->       8          9         10         11         12         13         14
   2.002E-01  2.002E-01  2.002E-01  2.002E-01  2.002E-01  2.002E-01  2.002E-01
 I->      15         16         17         18         19         20         21
   2.002E-01  2.002E-01  2.002E-01  2.002E-01  2.002E-01  2.002E-01  2.002E-01
 I->      22         23         24         25         26         27         28
   2.002E-01  2.002E-01  2.002E-01  2.002E-01  2.002E-01  2.002E-01  2.002E-01
 I->      29         30         31         32         33         34         35
   2.002E-01  2.002E-01  2.002E-01  2.002E-01  2.002E-01  3.002E-01  2.050E-01
 I->      36         37         38         39         40         41         42
 
  ATE    
   2.000E-01  1.000E-01  1.000E-01  1.000E-01  1.000E-01  1.000E-01  1.000E-01
 I->       1          2          3          4          5          6          7
   1.000E-01  1.000E-01  1.000E-01  1.000E-01  1.000E-01  1.000E-01  1.000E-01
 I->       8          9         10         11         12         13         14
   1.000E-01  1.000E-01  1.000E-01  1.000E-01  1.000E-01  1.000E-01  1.000E-01
 I->      15         16         17         18         19         20         21
   1.000E-01  1.000E-01  1.000E-01  1.000E-01  1.000E-01  1.000E-01  1.000E-01
 I->      22         23         24         25         26         27         28
   1.000E-01  1.000E-01  1.000E-01  1.000E-01  1.000E-01  1.000E-01  1.000E-01
 I->      29         30         31         32         33         34         35
   1.000E-01  1.000E-01  1.000E-01  1.000E-01  1.000E-01  2.000E-01  2.000E-01
 I->      36         37         38         39         40         41         42
 
  BT     
   0.000E+00  1.435E-03  1.501E-03  1.562E-03  1.618E-03  1.670E-03  1.716E-03
 I->       1          2          3          4          5          6          7
   1.757E-03  1.793E-03  1.823E-03  1.848E-03  1.867E-03  1.880E-03  1.887E-03
 I->       8          9         10         11         12         13         14
   1.888E-03  1.884E-03  1.873E-03  1.856E-03  1.833E-03  1.804E-03  1.769E-03
 I->      15         16         17         18         19         20         21
   1.729E-03  1.682E-03  1.630E-03  1.572E-03  1.509E-03  1.440E-03  1.366E-03
 I->      22         23         24         25         26         27         28
   1.287E-03  1.204E-03  1.116E-03  1.024E-03  9.273E-04  8.275E-04  7.243E-04
 I->      29         30         31         32         33         34         35
   6.182E-04  5.095E-04  3.986E-04  2.860E-04  1.721E-04  5.747E-05  0.000E+00
 I->      36         37         38         39         40         41         42
