 # I XP T DE ATW ATP BT
     1    0.00000  400.00000    0.00040    0.00000    1.00000  400.00000
     2    0.00625  338.92999    0.00020    0.00040    0.00064    0.00000
     3    0.01875  292.20868    0.00020    0.00020    0.00040    0.00000
     4    0.03125  247.17429    0.00020    0.00020    0.00040    0.00000
     5    0.04375  202.22479    0.00020    0.00020    0.00040    0.00000
     6    0.05625  157.28444    0.00020    0.00020    0.00040    0.00000
     7    0.06875  112.34576    0.00020    0.00020    0.00040    0.00000
     8    0.08125   67.40745    0.00020    0.00020    0.00040    0.00000
     9    0.09375   22.46915    0.00040    0.00020    0.00060    0.00000
    10    0.10000    0.00000    0.00000    0.00000    1.00000    0.00000
