 # I XP T DE ATW ATP BT
     1    0.00000  400.00000    0.00321    0.00000    1.00000  400.00000
     2    0.00078  375.91193    0.00160    0.00321    0.00489    0.00000
     3    0.00234  346.87335    0.00160    0.00160    0.00325    0.00000
     4    0.00390  327.85251    0.00160    0.00160    0.00323    0.00000
     5    0.00546  314.40515    0.00160    0.00160    0.00322    0.00000
     6    0.00702  304.19052    0.00160    0.00160    0.00322    0.00000
     7    0.00858  295.90921    0.00160    0.00160    0.00321    0.00000
     8    0.01014  288.81223    0.00160    0.00160    0.00321    0.00000
     9    0.01170  282.45547    0.00160    0.00160    0.00321    0.00000
    10    0.01326  276.56952    0.00160    0.00160    0.00321    0.00000
    11    0.01482  270.98785    0.00160    0.00160    0.00321    0.00000
    12    0.01638  265.60583    0.00160    0.00160    0.00321    0.00000
    13    0.01794  260.35669    0.00160    0.00160    0.00321    0.00000
    14    0.01950  255.19714    0.00160    0.00160    0.00321    0.00000
    15    0.02106  250.09889    0.00160    0.00160    0.00321    0.00000
    16    0.02262  245.04309    0.00160    0.00160    0.00321    0.00000
    17    0.02418  240.01704    0.00160    0.00160    0.00321    0.00000
    18    0.02574  235.01215    0.00160    0.00160    0.00321    0.00000
    19    0.02730  230.02248    0.00160    0.00160    0.00321    0.00000
    20    0.02886  225.04385    0.00160    0.00160    0.00321    0.00000
    21    0.03042  220.07335    0.00160    0.00160    0.00321    0.00000
    22    0.03198  215.10895    0.00160    0.00160    0.00321    0.00000
    23    0.03354  210.14908    0.00160    0.00160    0.00321    0.00000
    24    0.03510  205.19272    0.00160    0.00160    0.00321    0.00000
    25    0.03666  200.23903    0.00160    0.00160    0.00321    0.00000
    26    0.03822  195.28745    0.00160    0.00160    0.00321    0.00000
    27    0.03978  190.33752    0.00160    0.00160    0.00321    0.00000
    28    0.04134  185.38889    0.00160    0.00160    0.00321    0.00000
    29    0.04290  180.44125    0.00160    0.00160    0.00321    0.00000
    30    0.04446  175.49448    0.00160    0.00160    0.00321    0.00000
    31    0.04602  170.54834    0.00160    0.00160    0.00321    0.00000
    32    0.04758  165.60275    0.00160    0.00160    0.00321    0.00000
    33    0.04914  160.65762    0.00160    0.00160    0.00321    0.00000
    34    0.05070  155.71284    0.00160    0.00160    0.00321    0.00000
    35    0.05226  150.76837    0.00160    0.00160    0.00321    0.00000
    36    0.05382  145.82416    0.00160    0.00160    0.00321    0.00000
    37    0.05538  140.88014    0.00160    0.00160    0.00321    0.00000
    38    0.05694  135.93631    0.00160    0.00160    0.00321    0.00000
    39    0.05850  130.99261    0.00160    0.00160    0.00321    0.00000
    40    0.06006  126.04903    0.00160    0.00160    0.00321    0.00000
    41    0.06162  121.10557    0.00160    0.00160    0.00321    0.00000
    42    0.06318  116.16218    0.00160    0.00160    0.00321    0.00000
    43    0.06474  111.21886    0.00160    0.00160    0.00321    0.00000
    44    0.06630  106.27560    0.00160    0.00160    0.00321    0.00000
    45    0.06786  101.33241    0.00160    0.00160    0.00321    0.00000
    46    0.06942   96.38924    0.00160    0.00160    0.00321    0.00000
    47    0.07098   91.44613    0.00160    0.00160    0.00321    0.00000
    48    0.07254   86.50301    0.00160    0.00160    0.00321    0.00000
    49    0.07410   81.55993    0.00160    0.00160    0.00321    0.00000
    50    0.07566   76.61685    0.00160    0.00160    0.00321    0.00000
    51    0.07722   71.67381    0.00160    0.00160    0.00321    0.00000
    52    0.07878   66.73078    0.00160    0.00160    0.00321    0.00000
    53    0.08034   61.78774    0.00160    0.00160    0.00321    0.00000
    54    0.08190   56.84471    0.00160    0.00160    0.00321    0.00000
    55    0.08346   51.90168    0.00160    0.00160    0.00321    0.00000
    56    0.08502   46.95868    0.00160    0.00160    0.00321    0.00000
    57    0.08658   42.01565    0.00160    0.00160    0.00321    0.00000
    58    0.08814   37.07264    0.00160    0.00160    0.00321    0.00000
    59    0.08970   32.12962    0.00160    0.00160    0.00321    0.00000
    60    0.09126   27.18659    0.00160    0.00160    0.00321    0.00000
    61    0.09282   22.24356    0.00160    0.00160    0.00321    0.00000
    62    0.09438   17.30056    0.00160    0.00160    0.00321    0.00000
    63    0.09594   12.35754    0.00160    0.00160    0.00321    0.00000
    64    0.09750    7.41454    0.00160    0.00160    0.00321    0.00000
    65    0.09906    2.47151    0.00321    0.00160    0.00481    0.00000
    66    0.09984    0.00000    0.00000    0.00000    1.00000    0.00000
