 # I XP T DE ATW ATP BT
     1    0.00000  400.00000    0.00080    0.00000    1.00000  400.00000
     2    0.00313  332.19446    0.00040    0.00080    0.00132    0.00000
     3    0.00938  295.88589    0.00040    0.00040    0.00082    0.00000
     4    0.01562  272.77029    0.00040    0.00040    0.00080    0.00000
     5    0.02188  251.94745    0.00040    0.00040    0.00080    0.00000
     6    0.02812  231.61859    0.00040    0.00040    0.00080    0.00000
     7    0.03438  211.41960    0.00040    0.00040    0.00080    0.00000
     8    0.04062  191.26172    0.00040    0.00040    0.00080    0.00000
     9    0.04688  171.11916    0.00040    0.00040    0.00080    0.00000
    10    0.05313  150.98309    0.00040    0.00040    0.00080    0.00000
    11    0.05938  130.85004    0.00040    0.00040    0.00080    0.00000
    12    0.06562  110.71844    0.00040    0.00040    0.00080    0.00000
    13    0.07188   90.58747    0.00040    0.00040    0.00080    0.00000
    14    0.07812   70.45685    0.00040    0.00040    0.00080    0.00000
    15    0.08438   50.32629    0.00040    0.00040    0.00080    0.00000
    16    0.09063   30.19577    0.00040    0.00040    0.00080    0.00000
    17    0.09687   10.06527    0.00080    0.00040    0.00120    0.00000
    18    0.10000    0.00000    0.00000    0.00000    1.00000    0.00000
