 # I XP T DE ATW ATP BT
     1    0.00000  400.00000    0.00160    0.00000    1.00000  400.00000
     2    0.00157  355.76624    0.00080    0.00160    0.00251    0.00000
     3    0.00470  319.42291    0.00080    0.00080    0.00164    0.00000
     4    0.00783  299.49277    0.00080    0.00080    0.00161    0.00000
     5    0.01096  285.47110    0.00080    0.00080    0.00160    0.00000
     6    0.01409  273.76416    0.00080    0.00080    0.00160    0.00000
     7    0.01722  263.02548    0.00080    0.00080    0.00160    0.00000
     8    0.02035  252.71584    0.00080    0.00080    0.00160    0.00000
     9    0.02348  242.60678    0.00080    0.00080    0.00160    0.00000
    10    0.02661  232.59645    0.00080    0.00080    0.00160    0.00000
    11    0.02974  222.63716    0.00080    0.00080    0.00160    0.00000
    12    0.03287  212.70558    0.00080    0.00080    0.00160    0.00000
    13    0.03599  202.78972    0.00080    0.00080    0.00160    0.00000
    14    0.03913  192.88315    0.00080    0.00080    0.00160    0.00000
    15    0.04225  182.98233    0.00080    0.00080    0.00160    0.00000
    16    0.04539  173.08513    0.00080    0.00080    0.00160    0.00000
    17    0.04851  163.19034    0.00080    0.00080    0.00160    0.00000
    18    0.05165  153.29712    0.00080    0.00080    0.00160    0.00000
    19    0.05477  143.40503    0.00080    0.00080    0.00160    0.00000
    20    0.05791  133.51369    0.00080    0.00080    0.00160    0.00000
    21    0.06103  123.62290    0.00080    0.00080    0.00160    0.00000
    22    0.06417  113.73247    0.00080    0.00080    0.00160    0.00000
    23    0.06729  103.84232    0.00080    0.00080    0.00160    0.00000
    24    0.07043   93.95232    0.00080    0.00080    0.00160    0.00000
    25    0.07356   84.06246    0.00080    0.00080    0.00160    0.00000
    26    0.07669   74.17267    0.00080    0.00080    0.00160    0.00000
    27    0.07982   64.28294    0.00080    0.00080    0.00160    0.00000
    28    0.08295   54.39322    0.00080    0.00080    0.00160    0.00000
    29    0.08608   44.50355    0.00080    0.00080    0.00160    0.00000
    30    0.08921   34.61385    0.00080    0.00080    0.00160    0.00000
    31    0.09234   24.72419    0.00080    0.00080    0.00160    0.00000
    32    0.09547   14.83450    0.00080    0.00080    0.00160    0.00000
    33    0.09860    4.94484    0.00160    0.00080    0.00240    0.00000
    34    0.10016    0.00000    0.00000    0.00000    1.00000    0.00000
